date,close,open,high,low,amt,MA5,MA10,MA20,DIF,DEA,MACD,K,D,J,RSI,WR,WR1,BIAS1,BIAS2,BIAS3,PSY,PSYMA,CCI,ATR,BBI
20140210,"2,086.07","2,049.98","2,087.97","2,049.98",12.43,2050.414,2044.2,2032.7115,-6.822,-14.564,15.483,80.83351666,72.56555478,97.36944044,43.253,1.98,2.593,1.881,2.433,2.157,58.333,52.778,181.3477819,24.592,2042.834958
20140211,"2,103.67","2,086.18","2,111.06","2,082.52",14.22,2063.446,2053.736,2035.529,-1.709,-11.993,20.566,84.66595867,76.59902274,100.7998305,46.535,7.236,7.669,2.155,2.882,3.045,66.667,56.944,226.2822324,24.8675,2054.410583
20140212,"2,109.96","2,103.83","2,110.90","2,096.51",12.63,2075.456,2059.557,2038.81,2.817,-9.031,23.696,89.39678827,80.86494459,106.4604757,47.664,1.142,1.142,1.871,2.693,3.352,75,61.111,181.9557098,24.295,2066.136042
20140213,"2,098.40","2,106.93","2,122.83","2,096.97",14.65,2088.52,2065.179,2042.349,5.41,-6.143,23.104,85.40013389,82.37667435,91.44705296,45.809,22.593,22.593,0.92,1.758,2.754,66.667,62.5,141.2908493,24.0505,2071.945583
20140214,"2,115.85","2,097.32","2,116.19","2,095.09",11.15,2102.79,2071.325,2047.4765,8.771,-3.16,23.862,88.11502498,84.2894579,95.76615916,48.939,6.455,6.455,1.088,2.339,3.46,66.667,65.278,116.8722911,24.041,2079.026625
20140217,"2,135.41","2,124.88","2,136.45","2,117.69",14.02,2112.658,2081.536,2053.769,12.865,0.045,25.64,91.79194684,86.79028755,101.7952654,52.171,0.854,1.203,1.289,2.899,4.229,75,68.056,132.9573872,23.732,2088.450792
20140218,"2,119.07","2,134.14","2,134.14","2,113.13",14.29,2115.738,2089.592,2058.3805,14.622,2.961,23.324,89.76957989,87.78338499,93.74196969,49.443,14.275,32.227,0.253,1.847,3.275,66.667,69.444,98.0169397,23.5315,2094.048667
20140219,"2,142.55","2,116.92","2,152.96","2,111.17",15.13,2122.256,2098.856,2064.3405,17.706,5.91,23.592,90.66995572,88.74557524,94.51871668,53.118,7.529,17.989,1.054,2.527,4.176,75,70.833,105.0788067,24.7605,2101.659708
20140220,"2,138.78","2,152.89","2,177.98","2,136.48",15.71,2130.332,2109.426,2070.0945,19.619,8.651,21.935,83.57163714,87.0209292,76.67305302,52.479,24.008,47.292,0.648,1.939,3.729,66.667,69.444,114.7774289,25.8205,2106.668833
20140221,"2,113.69","2,131.59","2,132.70","2,098.33",11.77,2129.9,2116.345,2075.5315,18.893,10.7,16.386,66.59856472,80.21347438,39.3687454,48.432,50.227,77.561,-0.652,0.488,2.297,58.333,68.056,43.17443852,26.7245,2109.545583
20140224,"2,076.69","2,099.72","2,099.72","2,058.79",12.36,2118.156,2115.407,2079.8035,15.157,11.591,7.132,49.40505595,69.94400157,8.327164723,43.294,84.982,84.982,-2.091,-1.441,0.405,58.333,66.667,-39.52067217,28.4135,2104.402125
20140225,"2,034.22","2,077.28","2,087.62","2,026.54",14.01,2101.186,2108.462,2081.099,8.669,11.007,-4.675,34.62714243,58.17171519,-12.4620031,38.414,94.929,94.929,-3.324,-3.417,-1.67,50,62.5,-105.3592224,30.3225,2091.58225
20140226,"2,041.25","2,026.61","2,041.63","2,014.38",11.01,2080.926,2101.591,2080.574,4.049,9.615,-11.133,28.55949674,48.30097571,-10.92346118,39.59,83.576,83.576,-2.388,-2.911,-1.365,50,59.722,-141.091815,29.4835,2081.238083
20140227,"2,047.35","2,045.10","2,068.31","2,036.39",13.22,2062.64,2096.486,2080.8325,0.869,7.866,-13.994,25.75726841,40.78640661,-4.30100799,40.617,79.847,79.847,-1.348,-2.403,-1.154,50,55.556,-108.3868779,30.4055,2073.717708
20140228,"2,056.30","2,040.62","2,058.49","2,020.93",11.16,2051.162,2090.531,2080.928,-0.918,6.109,-14.055,25.71266957,35.76182759,5.614353512,42.123,74.377,64.571,-0.256,-1.767,-0.852,50,52.778,-106.1383654,30.9565,2071.027
20140303,"2,075.23","2,052.08","2,078.33","2,047.07",12.75,2050.87,2084.513,2083.0245,-0.798,4.728,-11.052,29.53990522,33.68785347,21.24400872,45.192,62.806,28.697,0.976,-0.772,-0.073,58.333,52.778,-51.6790558,31.2815,2072.297583
20140304,"2,071.47","2,068.11","2,074.03","2,050.12",11.59,2058.32,2079.753,2084.6725,-0.995,3.583,-9.156,31.32529949,32.90033547,28.17522751,44.7,65.104,22.051,0.836,-0.776,-0.294,50,51.389,-47.74647236,31.53,2073.5775
20140305,"2,053.08","2,073.29","2,074.81","2,050.18",10.77,2060.686,2070.806,2084.831,-2.605,2.346,-9.9,31.78616991,32.52894695,30.30061582,42.351,76.345,39.484,-0.212,-1.332,-1.201,41.667,50,-51.82547973,32.108,2072.419417
20140306,"2,059.58","2,050.03","2,065.79","2,030.95",10.93,2063.132,2062.886,2086.156,-3.317,1.213,-9.061,38.84565065,34.63451485,47.26792225,43.447,61.799,32.666,-0.045,-0.784,-0.898,50,50,-58.4590988,32.928,2070.970875
20140307,"2,057.91","2,058.38","2,079.49","2,050.47",10.37,2063.454,2057.308,2086.8265,-3.971,0.176,-8.295,45.70867881,38.32590284,60.47423075,43.227,48.992,36.851,-0.211,-0.526,-1.027,41.667,48.611,-32.57321942,32.8775,2068.685167
20140310,"1,999.06","2,042.35","2,042.63","1,995.55",11.57,2048.22,2049.545,2082.476,-9.133,-1.686,-14.895,31.86630529,36.17270365,23.25350856,36.432,96.188,95.818,-2.614,-2.824,-3.782,41.667,47.222,-133.0961,33.822,2057.800042
20140311,"2,001.16","1,994.42","2,008.07","1,985.60",9.27,2034.158,2046.239,2077.3505,-12.906,-3.93,-17.952,26.76839851,33.03793527,14.22932498,36.802,83.427,83.427,-1.922,-2.276,-3.586,50,45.833,-160.2923634,33.5185,2046.219708
20140312,"1,997.69","1,996.24","2,011.06","1,974.38",10.14,2023.08,2041.883,2071.737,-15.991,-6.342,-19.298,25.23785474,30.43790843,14.83774736,36.437,77.823,77.823,-1.498,-2.131,-3.685,50,45.833,-157.6028841,34.633,2035.078
20140313,"2,019.11","2,000.69","2,029.12","1,996.53",10.1,2014.986,2039.059,2067.7725,-16.517,-8.377,-16.281,31.01037587,30.62873091,31.77366579,40.259,57.445,57.445,-0.164,-1.021,-2.603,58.333,48.611,-80.01934402,34.9695,2034.0275
20140314,"2,004.34","2,008.82","2,017.91","1,990.98",8.78,2004.272,2033.863,2062.197,-17.92,-10.286,-15.268,30.17474143,30.47740108,29.56942213,38.589,71.497,71.497,-0.441,-1.596,-3.156,50,48.611,-92.43771769,35.321,2029.828
20140317,"2,023.67","2,009.88","2,024.37","1,999.25",8.63,2009.194,2028.707,2056.61,-17.272,-11.683,-11.179,35.74773775,32.23417997,42.7748533,41.881,53.106,27.78,0.805,-0.551,-2.064,50,50,-51.38621941,35.547,2028.67625
20140318,"2,025.20","2,026.22","2,034.92","2,020.41",9.68,2014.002,2024.08,2051.9165,-16.446,-12.636,-7.621,39.9482746,34.80554485,50.2337341,42.137,51.651,16.056,0.663,-0.349,-1.822,50,51.389,-18.56018781,35.1585,2028.451625
20140319,"2,021.73","2,019.98","2,022.18","2,002.44",9.52,2018.81,2020.945,2045.8755,-15.888,-13.286,-5.204,41.64819803,37.08642924,50.77173562,41.702,54.952,21.787,0.32,-0.301,-1.839,41.667,50,-43.8277254,34.207,2028.133042
20140320,"1,993.48","2,017.22","2,030.85","1,993.00",11.03,2013.684,2014.335,2038.6105,-17.524,-14.134,-6.78,37.09391468,37.08892439,37.10389527,38.34,81.829,94.31,-1.048,-1.378,-2.97,41.667,48.611,-63.21885103,34.0245,2022.00075
20140321,"2,047.62","1,987.68","2,052.47","1,986.07",14.45,2022.34,2013.306,2035.307,-14.287,-14.164,-0.244,55.99234898,43.39006592,81.1969151,46.902,6.211,7.304,1.4,1.323,-0.157,50,47.222,10.74608703,35.322,2024.117375
20140324,"2,066.28","2,050.83","2,074.06","2,043.33",14.77,2030.862,2020.028,2034.7865,-10.099,-13.351,6.505,68.05990735,51.61334639,100.9530292,49.427,7.805,8.842,1.804,2.218,0.861,50,47.222,120.2881779,34.1135,2030.420167
20140325,"2,067.31","2,063.32","2,079.55","2,057.49",13.18,2039.284,2026.643,2036.441,-6.621,-12.005,10.769,74.34203494,59.18957591,104.646953,49.565,11.638,13.094,1.491,2.23,1.066,58.333,48.611,136.3171131,32.1625,2039.000458
20140326,"2,063.67","2,070.57","2,074.57","2,057.65",10.26,2047.672,2033.241,2037.562,-4.11,-10.426,12.631,77.23215965,65.20377049,101.288938,49.071,16.988,16.988,0.995,1.779,1.042,58.333,50,118.0609525,31.646,2043.567167
20140327,"2,046.59","2,060.81","2,073.98","2,042.71",11.91,2058.294,2035.989,2037.524,-3.46,-9.033,11.147,73.06848013,67.82534037,83.55475965,46.786,35.259,35.259,-0.044,0.748,0.344,50,51.389,89.32272868,31.6135,2043.899125
20140328,"2,041.71","2,046.85","2,060.13","2,035.24",12.17,2057.112,2039.726,2036.7945,-3.299,-7.886,9.174,68.55257112,68.06775062,69.52221212,46.145,40.479,40.479,-0.672,0.327,0.176,50,52.778,52.60077244,30.98,2044.510083
20140331,"2,033.31","2,043.05","2,048.13","2,024.19",9.44,2050.518,2040.69,2034.6985,-3.806,-7.07,6.528,62.546672,66.22739108,55.18523385,45.038,49.465,83.526,-0.966,-0.144,-0.234,41.667,51.389,13.21874674,30.614,2041.155667
20140401,"2,047.46","2,031.00","2,050.68","2,028.10",8.33,2046.548,2042.916,2033.498,-3.031,-6.262,6.462,63.58838182,65.34772133,60.06970281,47.263,34.328,57.966,-0.124,0.374,0.447,50,51.389,26.95486169,30.4875,2041.042208
20140402,"2,058.99","2,049.42","2,060.78","2,046.74",10.27,2045.612,2046.642,2033.7935,-1.47,-5.304,7.668,68.39425141,66.36323135,72.45629152,49.018,21.994,30.925,0.506,0.794,0.989,50,50,64.71065556,29.958,2042.94525
20140403,"2,043.70","2,063.50","2,066.01","2,037.45",10.86,2045.034,2051.664,2032.9995,-1.45,-4.533,6.167,57.34351828,63.35666033,45.31723418,46.86,38.35,60.815,-0.078,-0.03,0.265,41.667,47.222,33.74341021,29.644,2043.165917
20140404,"2,058.83","2,037.55","2,060.10","2,035.22",8.32,2048.458,2052.785,2033.0455,-0.21,-3.668,6.917,59.0864303,61.93325032,53.39279026,49.17,37.428,17.169,0.562,0.558,1.041,50,47.222,36.33970761,29.437,2045.407833
20140408,"2,098.28","2,054.53","2,102.45","2,052.90",13.34,2061.452,2055.985,2038.0065,3.91,-2.153,12.126,70.94815602,64.93821889,82.96803029,54.547,5.328,5.328,2.019,2.049,2.92,58.333,48.611,156.5116099,28.7965,2054.462667
20140409,"2,105.24","2,100.65","2,108.75","2,095.64",10.53,2073.008,2059.778,2043.2105,7.649,-0.192,15.683,79.24847109,69.70830295,98.32880736,55.415,4.151,4.352,1.764,2.149,3.152,58.333,51.389,197.5806184,28.3285,2065.0895
20140410,"2,134.30","2,105.88","2,146.67","2,098.08",15.68,2088.07,2066.841,2050.041,12.81,2.408,20.803,82.79911136,74.07190576,100.2535226,58.841,10.1,11.099,2.452,3.275,4.416,58.333,52.778,219.2927593,28.924,2078.121708
20140411,"2,130.54","2,130.37","2,138.65","2,120.18",13.18,2105.438,2075.236,2055.6125,16.407,5.208,22.398,84.14290855,77.42890669,97.57091228,58.236,13.169,14.473,1.689,2.831,4.078,50,52.778,169.4970319,28.218,2086.501458
20140414,"2,131.54","2,127.41","2,134.43","2,116.61",10.21,2119.98,2084.219,2061.9725,19.118,7.99,22.256,85.1751408,80.01098473,95.50345295,58.355,12.353,13.576,1.031,2.599,3.847,58.333,55.556,124.1342892,27.7025,2095.357083
20140415,"2,101.60","2,125.90","2,125.90","2,098.15",10.75,2120.644,2091.048,2065.869,18.636,10.119,17.033,76.63687419,78.88628121,72.13806014,53.598,38.011,48.064,-0.724,0.935,2.18,58.333,56.944,67.53510272,28.116,2096.534333
20140416,"2,105.12","2,097.21","2,112.05","2,092.16",8.94,2120.62,2096.814,2069.865,18.326,11.76,13.132,71.99748544,76.59001595,62.81242441,54.057,37.281,76.225,-0.611,0.848,2.129,66.667,58.333,48.48983464,28.385,2097.021042
20140417,"2,098.88","2,108.95","2,110.72","2,095.71",8.99,2113.536,2100.803,2073.7225,17.377,12.884,8.987,67.03825184,73.40609458,54.30256636,53.085,42.88,87.672,-0.856,0.287,1.662,66.667,59.722,39.57584671,27.9975,2096.364792
20140418,"2,097.75","2,091.48","2,099.64","2,081.18",8.82,2106.978,2106.208,2078.936,16.346,13.576,5.539,60.63543333,69.1492075,43.607885,52.905,43.894,71.168,-0.623,0.033,1.417,58.333,59.722,14.75428718,27.028,2096.872125
20140421,"2,065.83","2,085.98","2,103.08","2,065.23",9.64,2093.836,2106.908,2079.8465,12.805,13.422,-1.234,40.66920179,59.65587226,2.695860842,48.102,86.211,99.133,-1.633,-1.516,-0.211,50,59.722,-30.39057974,25.6005,2091.271833
20140422,"2,072.83","2,062.79","2,073.66","2,047.33",9.87,2088.082,2104.363,2080.174,10.443,12.826,-4.766,35.66927391,51.66033948,3.687142779,49.158,74.331,67.545,-0.837,-1.297,0.031,58.333,59.722,-75.64008296,25.3805,2087.3435
20140423,"2,067.38","2,068.08","2,076.35","2,059.11",7.85,2080.534,2100.577,2080.1775,8.039,11.869,-7.66,31.0981026,44.80626052,3.681786753,48.359,79.817,69.02,-0.828,-1.59,-0.324,50,58.333,-72.60676901,25.1395,2083.565833
20140424,"2,057.03","2,064.16","2,075.76","2,056.19",7.82,2072.164,2092.85,2079.8455,5.238,10.543,-10.609,24.44427659,38.01893254,-2.705035321,46.849,89.378,84.698,-0.943,-1.922,-0.949,41.667,54.167,-93.97586771,25.272,2079.886375
20140425,"2,036.52","2,060.54","2,065.64","2,035.57",9.3,2059.918,2083.448,2079.342,1.348,8.704,-14.712,16.64675083,30.89487197,-11.84949144,44.007,99.039,98.593,-1.438,-2.634,-1.915,33.333,48.611,-143.3652378,25.212,2072.704667
20140428,"2,003.49","2,033.34","2,035.99","2,000.14",8.98,2047.45,2070.643,2077.431,-4.35,6.093,-20.886,12.09565952,24.62846782,-12.96995708,39.937,97.336,96.746,-2.293,-3.711,-3.384,25,43.056,-179.8670765,25.7865,2060.250042
20140429,"2,020.34","2,001.90","2,021.68","1,997.64",7.62,2036.952,2062.517,2076.7825,-7.421,3.39,-21.622,14.75520091,21.33737885,1.590845033,42.755,80.159,71.16,-1.106,-2.471,-2.479,33.333,40.278,-142.5986632,25.7915,2052.839167
20140430,"2,026.36","2,020.44","2,029.54","2,016.58",7.45,2028.748,2054.641,2075.7275,-9.262,0.86,-20.243,18.91621386,20.53032386,15.68799387,43.74,74.602,63.512,-0.434,-1.765,-2.115,33.333,36.111,-102.9944733,25.3105,2047.60125
20140505,"2,027.35","2,022.18","2,028.96","2,007.35",7.99,2022.812,2047.488,2074.1455,-10.52,-1.416,-18.207,22.0031967,21.02128147,23.96702715,43.905,71.823,61.969,-0.057,-1.421,-2.03,41.667,34.722,-96.38763273,25.689,2045.979292
20140506,"2,028.04","2,024.26","2,038.70","2,021.49",7.46,2021.116,2040.517,2073.3625,-11.33,-3.399,-15.862,27.54306197,23.1952083,36.23876931,44.025,71.168,55.294,0.215,-1.078,-1.969,41.667,34.722,-66.76474194,25.1215,2043.611458
20140507,"2,010.08","2,023.15","2,024.63","2,008.45",7.44,2022.434,2034.942,2070.925,-13.269,-5.373,-15.792,23.63032574,23.34024745,24.21048231,41.612,84.195,69.703,-0.455,-1.599,-2.792,41.667,36.111,-86.46614297,24.857,2038.69375
20140508,"2,015.27","2,006.85","2,036.94","2,005.69",7.79,2021.42,2029.186,2066.7745,-14.222,-7.143,-14.159,23.27616527,23.31888672,23.19072237,42.561,77.601,57.063,-0.295,-1.012,-2.478,50,40.278,-66.44814061,23.942,2035.421958
20140509,"2,011.13","2,016.50","2,020.45","2,001.30",7.62,2018.374,2023.561,2062.069,-15.138,-8.742,-12.792,22.13018861,22.92265402,20.5452578,41.993,82.732,73.717,-0.425,-0.994,-2.584,50,43.056,-77.95982432,24.244,2031.313083
20140512,"2,052.87","2,022.93","2,055.51","2,016.64",11.57,2023.478,2023.145,2057.9975,-12.353,-9.464,-5.777,46.56614268,30.8038169,78.09079422,49.138,18.779,4.87,1.42,1.144,-0.581,50,45.833,17.79839926,24.0335,2034.549792
20140513,"2,050.73","2,055.08","2,061.06","2,043.55",9.72,2028.016,2024.566,2054.007,-10.201,-9.611,-1.179,58.94801607,40.18521663,96.47361495,48.816,16.288,17.286,1.12,1.107,-0.668,50,47.222,63.33327165,23.9855,2037.134458
20140514,"2,047.91","2,049.27","2,056.57","2,042.74",7.2,2035.582,2029.008,2049.8255,-8.623,-9.414,1.581,65.29711558,48.55584961,98.77964751,48.381,20.735,22.005,0.816,1.006,-0.704,50,48.611,61.80423333,23.786,2039.792
20140515,"2,024.97","2,044.38","2,047.32","2,022.86",7.58,2037.522,2029.471,2045.994,-9.119,-9.355,0.471,56.73422163,51.28197362,67.63871766,44.975,60.392,60.392,-0.435,-0.078,-1.656,50,50,5.043829147,23.369,2036.888917
20140516,"2,026.50","2,023.60","2,027.76","2,012.69",6.64,2040.596,2029.485,2042.063,-9.282,-9.34,0.117,51.87903932,51.48099552,52.67512692,45.243,57.831,57.831,-0.451,-0.097,-1.367,58.333,51.389,-30.43251634,23.128,2034.834292
20140519,"2,005.18","2,023.01","2,023.27","1,996.01",6.53,2031.058,2027.268,2037.378,-11.004,-9.673,-2.662,39.28497574,47.41565559,23.02361603,42.248,85.903,85.903,-1.451,-1.086,-2.156,50,51.389,-100.4622449,23.902,2029.538458
20140520,"2,008.12","2,011.85","2,018.16","2,002.76",6.13,2022.536,2025.276,2032.8965,-11.993,-10.137,-3.713,32.39546679,42.40892599,12.36854838,42.793,81.384,81.384,-0.943,-0.867,-1.766,50,51.389,-88.46159591,23.749,2024.769333
20140521,"2,024.95","2,001.31","2,025.19","1,991.06",6.18,2017.944,2026.763,2030.8525,-11.289,-10.367,-1.844,37.7350731,40.85097503,31.50326924,45.845,51.586,48.267,0.099,-0.026,-0.788,50,51.389,-65.09460607,23.563,2023.005
20140522,"2,021.29","2,023.15","2,041.96","2,018.88",7.47,2017.208,2027.365,2028.2755,-10.901,-10.474,-0.854,39.55195349,40.41796785,37.81992478,45.297,56.814,46.267,0.138,-0.179,-0.797,41.667,50,13.422164,23.4005,2022.453458
20140523,"2,034.57","2,020.11","2,034.57","2,017.74",6.35,2018.822,2029.709,2026.635,-9.413,-10.262,1.698,47.08701661,42.6409841,55.97908164,47.667,37.843,14.519,0.716,0.376,-0.014,50,50,19.37321937,23.38,2025.157708
20140526,"2,041.48","2,042.03","2,045.38","2,035.09",7.03,2026.082,2028.57,2025.8575,-7.589,-9.727,4.277,57.04646068,47.44280963,76.25376277,48.87,27.971,7.18,0.934,0.608,0.441,50,48.611,76.95039568,22.942,2027.511042
20140527,"2,034.57","2,039.79","2,044.15","2,032.84",6.76,2031.372,2026.954,2025.76,-6.625,-9.107,4.964,63.81009453,52.89857126,85.63314107,47.725,33.583,19.901,0.349,0.171,0.166,50,48.611,50.3591841,22.004,2030.30625
20140528,"2,050.23","2,034.56","2,052.66","2,029.34",8.13,2036.428,2027.186,2028.097,-4.544,-8.194,7.3,74.55846129,60.11853461,103.4383147,50.469,3.945,3.945,0.772,0.953,0.983,50,48.611,76.10030544,21.351,2033.895083
20140529,"2,040.60","2,051.84","2,057.08","2,039.24",8.12,2040.29,2028.749,2029.11,-3.631,-7.282,7.302,74.7182633,64.98511084,94.18456822,48.825,24.962,41.891,0.171,0.521,0.564,50,48.611,74.1206246,21.041,2034.516042
20140530,"2,039.21","2,040.39","2,046.96","2,031.37",7.51,2041.218,2030.02,2029.7525,-2.985,-6.422,6.875,74.12299044,68.0310707,86.3068299,48.586,27.068,45.425,-0.044,0.488,0.533,50,50,39.84170104,21.1725,2035.62875
20140603,"2,038.31","2,039.20","2,049.58","2,037.30",7.16,2040.584,2033.333,2030.3005,-2.516,-5.641,6.25,73.27173411,69.7779585,80.25928531,48.426,28.431,67.664,-0.119,0.389,0.485,50,50,61.75801313,20.706,2035.206167
20140604,"2,024.83","2,037.99","2,038.48","2,012.91",7.24,2038.636,2035.004,2030.14,-3.196,-5.152,3.912,57.84337024,65.79976242,41.9305859,46.059,48.849,73.013,-0.644,-0.268,-0.224,41.667,48.611,-27.72371597,21.124,2033.123333
20140605,"2,040.88","2,019.44","2,041.70","2,016.17",6.79,2036.766,2036.597,2031.68,-2.411,-4.604,4.385,59.67008775,63.75653753,51.49718819,49.148,36.676,36.676,0.092,0.375,0.525,50,48.611,20.04604431,21.421,2034.654167
20140606,"2,029.96","2,040.86","2,041.57","2,022.16",6.6,2034.638,2037.464,2032.4145,-2.641,-4.211,3.141,52.64701194,60.05336233,37.83431115,47.228,61.399,61.399,-0.279,-0.251,-0.021,41.667,47.222,5.441025747,20.829,2033.752375
20140609,"2,030.50","2,024.94","2,045.26","2,023.20",6.48,2032.896,2037.057,2033.383,-2.747,-3.918,2.343,48.37247781,56.15973416,32.79796511,47.334,60.177,52.032,-0.17,-0.247,0,41.667,45.833,6.491372227,20.9745,2034.161792
20140610,"2,052.53","2,033.21","2,052.77","2,026.39",7.96,2035.74,2038.162,2033.366,-1.042,-3.343,4.603,62.14794876,58.15580569,70.13223489,51.488,10.301,0.602,0.804,0.706,1.034,50,45.833,86.60540239,20.0745,2036.334208
20140611,"2,054.95","2,049.13","2,056.63","2,045.41",7.44,2041.764,2040.2,2033.577,0.499,-2.574,6.148,73.15787332,63.1564949,93.16063015,51.923,4.822,3.843,0.785,0.741,1.06,50,45.833,152.4156703,19.76,2039.587375
20140612,"2,051.71","2,051.58","2,057.10","2,045.96",8.17,2043.93,2040.348,2033.767,1.443,-1.771,6.427,78.03947231,68.11748737,97.88344218,51.281,12.197,13.169,0.406,0.54,0.825,41.667,45.833,126.2257131,19.6255,2042.7355
20140613,"2,070.71","2,049.21","2,073.60","2,048.62",9.72,2052.08,2043.359,2036.054,3.681,-0.681,8.723,83.77234662,73.33577378,104.6454923,54.707,4.762,5.618,1.089,1.322,1.635,50,45.833,203.3071623,19.622,2046.818083
20140616,"2,085.98","2,070.70","2,087.32","2,069.44",9.59,2063.176,2048.036,2039.028,6.611,0.778,11.666,88.58128667,78.41761141,108.9086372,57.23,1.801,2.09,1.373,1.92,2.315,50,47.222,235.3632563,19.7625,2053.226375
20140617,"2,066.70","2,080.48","2,080.48","2,064.67",8.78,2066.01,2050.875,2042.104,7.293,2.081,10.424,82.72718245,79.85413509,88.47327716,53.317,27.711,33.842,0.142,0.871,1.336,50,48.611,129.8462364,19.3035,2057.296625
20140618,"2,055.52","2,064.38","2,066.91","2,051.75",8.72,2066.124,2053.944,2044.474,6.852,3.035,7.634,72.21713943,77.30846987,62.03447856,51.2,44.694,75.877,-0.423,0.259,0.773,50,48.611,52.41192926,19.2915,2057.087667
20140619,"2,023.73","2,054.62","2,059.25","2,017.65",9.29,2060.528,2052.229,2044.413,3.893,3.206,1.373,51.05371135,68.5568837,16.04736665,45.801,91.273,91.273,-1.716,-1.233,-0.783,50,48.611,-65.99379475,19.665,2050.280333
20140620,"2,026.67","2,013.41","2,027.15","2,010.53",6.72,2051.72,2051.9,2044.682,1.765,2.918,-2.307,41.04192815,59.38523185,4.355320762,46.347,78.982,78.982,-1.373,-1.097,-0.64,58.333,51.389,-110.13023,19.342,2046.00675
20140623,"2,024.37","2,026.23","2,033.32","2,022.92",7.05,2039.398,2051.287,2044.172,-0.107,2.313,-4.839,33.36901214,50.71315861,-1.319280814,45.969,81.977,81.977,-1.113,-1.143,-0.791,50,51.389,-76.09714937,19.0205,2041.008625
20140624,"2,033.93","2,023.70","2,034.71","2,021.75",7.12,2032.844,2049.427,2043.7945,-0.809,1.689,-4.995,32.40358069,44.60996597,7.990810131,47.815,69.527,66.548,-0.224,-0.692,-0.375,58.333,52.778,-64.83842426,19.128,2039.678208
20140625,"2,025.50","2,030.43","2,030.62","2,018.36",6.75,2026.84,2046.482,2043.341,-2.022,0.947,-5.937,28.10062909,39.10685368,6.088179906,46.358,80.505,73.448,-0.301,-1.084,-0.789,50,52.778,-82.69197747,19.341,2037.6465
20140626,"2,038.68","2,025.66","2,040.75","2,025.31",8.1,2029.83,2045.179,2042.7635,-1.898,0.378,-4.552,30.95322575,36.3889777,20.08172184,48.899,63.342,42.221,0.486,-0.384,-0.179,50,52.778,-41.96116344,18.947,2037.704417
20140627,"2,036.51","2,031.91","2,043.98","2,025.07",9.76,2031.798,2041.759,2042.559,-1.953,-0.088,-3.729,33.01575545,35.26457028,28.51812579,48.504,66.167,22.332,0.274,-0.415,-0.289,41.667,51.389,-41.82593964,19.0005,2038.016625
20140630,"2,048.33","2,038.61","2,052.34","2,038.53",9.67,2036.59,2037.994,2043.015,-1.03,-0.277,-1.507,44.35885411,38.29599823,56.48456589,50.763,45.961,11.801,0.677,0.177,0.275,50,50,5.663445314,19.0125,2040.865208
20140701,"2,050.38","2,051.22","2,052.63","2,041.94",9.85,2039.88,2036.362,2043.6185,-0.132,-0.248,0.231,56.8372109,44.47640245,81.55882779,51.151,29.319,6.566,0.564,0.36,0.343,50,50,15.41170464,18.933,2042.651292
20140702,"2,059.42","2,049.48","2,060.60","2,044.04",10.96,2046.664,2036.752,2045.348,1.294,0.061,2.467,70.43924039,53.13068176,105.0563576,52.859,2.357,2.794,0.797,0.912,0.767,50,48.611,41.71300932,18.4825,2045.501583
20140703,"2,063.23","2,051.63","2,066.64","2,048.08",12.29,2051.574,2040.702,2046.4655,2.701,0.589,4.224,77.93850492,61.39995615,111.0156025,53.573,6.077,8.203,0.674,1.113,0.907,58.333,50,64.71555997,18.134,2048.522417
20140704,"2,059.37","2,062.36","2,065.08","2,054.22",10.5,2056.146,2043.972,2047.936,3.464,1.164,4.601,80.27300494,67.69097241,105.43707,52.729,15.058,17.489,0.316,0.908,0.677,58.333,51.389,80.65953342,17.7065,2050.5815
20140707,"2,059.93","2,058.13","2,064.04","2,050.89",9.72,2058.466,2047.528,2049.4075,4.067,1.744,4.646,82.21597181,72.53263888,101.5826377,52.841,13.898,23.871,0.153,0.786,0.66,66.667,55.556,84.21151357,17.261,2052.721875
20140708,"2,064.02","2,058.13","2,064.43","2,047.20",9.51,2061.194,2050.537,2049.982,4.82,2.359,4.921,86.04310718,77.03612831,104.0570649,53.682,5.427,10.607,0.225,0.833,0.779,66.667,58.333,85.17590133,16.8035,2054.363208
20140709,"2,038.61","2,061.63","2,062.47","2,037.60",11.33,2057.032,2051.848,2049.165,3.327,2.553,1.549,68.21926013,74.09717225,56.46343589,48.123,67.428,96.522,-0.915,-0.466,-0.457,66.667,61.111,16.49681199,17.5635,2052.235208
20140710,"2,038.34","2,036.54","2,045.53","2,034.96",9.79,2052.054,2051.814,2048.4965,2.099,2.462,-0.727,49.03590406,65.74341619,15.6208798,48.068,68.078,89.331,-0.758,-0.497,-0.487,58.333,62.5,-30.20653103,17.535,2049.482458
20140711,"2,046.96","2,033.87","2,051.74","2,033.00",10.51,2049.572,2052.859,2047.309,1.8,2.33,-1.06,46.52334151,59.33672463,20.89657527,49.979,58.502,56.484,-0.207,-0.164,-0.1,66.667,63.889,-12.84360212,17.223,2047.533083
20140714,"2,066.65","2,047.74","2,067.34","2,044.90",11.51,2050.916,2054.691,2046.3425,3.116,2.487,1.258,63.67912148,60.78419024,69.46898395,54.012,2.009,2.009,0.693,0.682,0.832,66.667,65.278,86.6401285,17.451,2050.514167
20140715,"2,070.36","2,065.90","2,070.36","2,059.68",12.45,2052.184,2056.689,2046.5255,4.407,2.871,3.073,75.78608099,65.78482049,95.78860198,54.73,0,0,0.789,0.725,0.982,75,66.667,122.0326045,16.9195,2054.368042
20140716,"2,067.28","2,068.34","2,075.49","2,061.57",13.71,2057.918,2057.475,2047.1135,5.123,3.322,3.604,77.41665617,69.66209905,92.92577041,54,19.322,19.322,0.612,0.498,0.8,66.667,66.667,117.1580796,16.8575,2056.739
20140717,"2,055.59","2,062.89","2,062.89","2,046.19",10.45,2061.368,2056.711,2048.7065,4.693,3.596,2.195,69.33292101,69.55237304,68.89401696,51.29,46.835,46.835,-0.094,-0.092,0.26,58.333,65.278,2.870265379,15.832,2057.031625
20140718,"2,059.07","2,047.50","2,067.23","2,046.00",10.66,2063.79,2056.681,2050.3265,4.581,3.793,1.576,66.67381837,68.59285482,62.83574548,52.038,38.644,38.644,-0.093,0.079,0.485,58.333,65.278,21.46391929,16.0625,2057.35225
20140721,"2,054.48","2,057.77","2,061.82","2,049.18",9.39,2061.356,2056.136,2051.832,4.074,3.849,0.45,61.30023602,66.16198188,51.57674429,50.961,49.447,68.683,-0.376,-0.109,0.286,50,62.5,-8.116890707,16.1745,2056.793
20140722,"2,075.48","2,050.50","2,078.09","2,049.81",12.32,2062.38,2057.282,2053.9095,5.306,4.14,2.331,72.27068296,68.19821558,80.41561773,55.369,5.788,8.133,0.57,0.846,1.27,58.333,61.111,115.9206872,16.9405,2059.673417
20140723,"2,078.49","2,074.20","2,088.19","2,072.23",13.73,2064.622,2061.27,2056.559,6.45,4.602,3.696,75.65523939,70.68389018,85.5979378,55.961,17.576,22.991,0.65,0.917,1.304,58.333,58.333,190.7129291,16.96,2062.679542
20140724,"2,105.06","2,079.63","2,107.95","2,079.63",16.57,2074.516,2067.942,2059.878,9.393,5.561,7.665,82.24227167,74.53668401,97.65344699,60.757,3.856,4.665,1.627,2.037,2.436,58.333,56.944,227.4647046,17.661,2070.153458
20140725,"2,126.61","2,108.71","2,127.22","2,106.71",14.25,2088.024,2075.907,2064.383,13.311,7.111,12.401,87.9111656,78.99484454,105.7438077,64.068,0.741,0.751,2.084,2.717,3.271,66.667,58.333,237.3466122,17.8235,2080.333042
20140728,"2,177.95","2,135.25","2,181.50","2,135.25",23.62,2112.718,2087.037,2070.864,20.324,9.753,21.142,91.06746833,83.01905247,107.1643001,70.298,2.62,2.683,3.563,4.609,5.456,75,61.111,251.8435054,19.7765,2098.1035
20140729,"2,183.19","2,179.83","2,193.52","2,172.10",20.03,2134.26,2098.32,2077.5045,26.005,13.004,26.003,91.71083211,85.91631235,103.2998716,70.837,7.002,7.188,2.764,4.292,5.375,75,65.278,199.3256389,20.313,2114.4755
20140730,"2,181.24","2,178.18","2,194.57","2,177.24",18.49,2154.81,2109.716,2083.5955,30.004,16.404,27.201,91.48315419,87.7719263,98.90560997,70.341,8.972,10.896,1.828,3.725,4.98,66.667,66.667,149.7142034,20.3515,2127.344708
20140731,"2,201.56","2,179.54","2,202.13","2,173.90",16.47,2174.11,2124.313,2090.512,34.417,20.006,28.82,94.19787919,89.91391059,102.7658164,72.437,0.365,0.465,1.801,4.15,5.608,66.667,68.056,127.0086582,20.835,2138.902583
20140801,"2,185.30","2,194.17","2,218.79","2,184.64",19.15,2185.848,2136.936,2096.8085,36.184,23.242,25.885,89.52561497,89.78447872,89.00788746,68.402,19.745,29.88,0.429,2.902,4.542,66.667,69.444,107.2011403,21.9995,2146.454625
20140804,"2,223.33","2,190.04","2,224.07","2,186.92",17.41,2194.924,2153.821,2104.9785,40.191,26.632,27.118,92.85462494,90.80786079,96.94815324,72.183,0.425,0.833,1.425,4.008,5.996,75,70.833,104.9746477,23.2805,2159.529208
20140805,"2,219.95","2,224.63","2,226.84","2,206.85",17.54,2202.276,2168.268,2112.775,42.602,29.826,25.552,93.67628711,91.7640029,97.50085553,71.391,4.456,12.587,0.948,3.203,5.498,66.667,69.444,95.18451478,23.4185,2168.1125
20140806,"2,217.46","2,212.00","2,223.89","2,192.99",17.77,2209.52,2182.165,2121.7175,43.807,32.622,22.369,93.18145548,92.23648709,95.07139226,70.794,6.372,17.718,0.574,2.44,5.059,66.667,68.056,77.44554747,23.6425,2177.851458
20140807,"2,187.67","2,216.66","2,220.57","2,185.76",17.52,2206.742,2190.426,2129.184,41.875,34.473,14.805,81.19874446,88.55723955,66.48175428,64.097,32.606,73.989,-0.825,0.63,3.386,58.333,66.667,55.0754341,24.8545,2179.351625
20140808,"2,194.42","2,188.71","2,199.58","2,180.60",13.52,2208.566,2197.207,2136.557,40.423,35.663,9.521,67.72401987,81.61283299,39.94639364,64.883,35.397,70.112,-0.466,0.493,3.431,58.333,65.278,40.93842695,24.8665,2181.185083
20140811,"2,224.65","2,199.43","2,225.96","2,198.31",15.06,2208.83,2201.877,2144.457,41.236,36.777,8.918,77.10376038,80.10980879,71.09166358,68.14,4.001,4.736,0.606,1.415,4.526,58.333,63.889,77.59749183,25.3215,2187.890292
20140812,"2,221.59","2,222.70","2,222.98","2,210.00",15.48,2209.158,2205.717,2152.0185,41.159,37.654,7.011,81.43021124,80.54994294,83.19074785,67.479,9.917,11.354,0.481,0.911,4.01,50,59.722,83.59668197,25.52,2194.513583
20140813,"2,222.88","2,223.05","2,230.99","2,202.44",17.81,2210.242,2209.881,2159.7985,40.733,38.269,4.927,82.25531977,81.11840188,84.52915553,67.617,14.206,16.094,0.517,0.799,3.697,50,56.944,85.8262643,26.2515,2199.888375
20140814,"2,206.47","2,221.54","2,230.89","2,204.38",17.01,2214.002,2210.372,2167.3425,38.625,38.341,0.569,71.95006368,78.06228915,59.72561274,64.006,48.66,48.66,-0.142,-0.034,2.613,41.667,52.778,59.5403696,26.5225,2200.286458
20140815,"2,226.73","2,207.23","2,230.87","2,203.24",15,2220.464,2214.515,2175.7255,38.15,38.303,-0.304,78.482023,78.20220043,79.04166814,66.323,8.454,8.454,0.479,0.711,3.235,50,51.389,81.39264605,26.8425,2205.38575
20140818,"2,239.47","2,229.80","2,242.04","2,228.13",16.39,2223.428,2216.129,2184.975,38.36,38.314,0.091,84.26036777,80.22158954,92.33792421,67.688,4.183,5.877,0.712,1.143,3.488,50,50,154.5783798,26.976,2211.7475
20140819,"2,245.33","2,242.34","2,246.02","2,227.92",17.77,2228.176,2218.667,2193.4675,38.554,38.362,0.384,89.1553374,83.1995055,101.0670012,68.304,1.055,1.583,0.82,1.179,3.404,58.333,50,161.4529529,26.467,2219.22125
20140820,"2,240.21","2,241.66","2,248.94","2,233.89",16.77,2231.642,2220.942,2201.5535,37.859,38.261,-0.806,88.51210378,84.97037159,95.59556815,67.136,12.774,18.774,0.45,0.884,2.804,50,50,148.8588836,26.4215,2223.493583
20140821,"2,230.46","2,239.57","2,240.08","2,211.63",16.57,2236.44,2225.221,2207.8235,36.104,37.83,-3.451,80.17470293,83.37181537,73.78047806,64.931,27.041,40.438,-0.044,0.406,2.022,50,50,56.58842735,26.3775,2224.845042
20140822,"2,240.81","2,228.97","2,243.30","2,225.27",16.01,2239.256,2229.86,2213.5335,35.144,37.293,-4.297,80.9551783,82.56626968,77.73299554,66.162,16.058,17.79,0.163,0.783,2.133,58.333,52.778,94.68094357,26.171,2227.813167
20140825,"2,229.27","2,241.10","2,241.55","2,222.01",16.21,2237.216,2230.322,2216.0995,33.071,36.448,-6.755,73.20309378,79.44521105,60.71885924,63.565,42.301,52.72,-0.372,0.108,1.311,58.333,54.167,53.08207954,24.4035,2228.5155
20140826,"2,207.11","2,225.29","2,232.78","2,200.62",16.35,2229.572,2228.874,2217.2955,29.302,35.019,-11.434,53.27915965,70.72319391,18.39109112,58.93,86.569,86.569,-1.124,-0.934,0.06,50,54.167,-45.92656787,24.9405,2225.784708
20140827,"2,209.47","2,207.03","2,216.67","2,204.05",12.09,2223.424,2227.533,2218.707,26.203,33.256,-14.105,41.62457222,61.02365335,2.826409953,59.26,81.685,81.685,-0.752,-0.772,-0.03,50,52.778,-74.98602789,24.705,2221.7155
20140828,"2,195.82","2,210.48","2,219.47","2,194.86",12.42,2216.496,2226.468,2218.42,22.388,31.082,-17.389,28.34143079,50.12957916,-15.23486596,56.519,98.225,98.018,-1.037,-1.289,-0.777,50,52.778,-128.9281245,24.524,2216.469792
20140829,"2,217.20","2,198.95","2,218.70","2,193.26",10.52,2211.774,2225.515,2220.015,20.849,29.036,-16.373,33.22618374,44.49511402,10.68832319,59.576,57.004,52.158,0.026,-0.307,0.115,50,52.778,-81.71726215,24.0885,2217.038542
20140901,"2,235.51","2,220.13","2,236.29","2,217.68",12.92,2213.022,2225.119,2220.624,20.867,27.402,-13.07,47.44413207,45.47812004,51.37615614,61.965,24.12,12.508,0.893,0.407,0.843,58.333,52.778,37.64563408,23.1045,2219.744958
20140902,"2,266.05","2,239.68","2,267.51","2,234.38",19.21,2224.81,2227.191,2222.929,23.079,26.537,-6.917,64.30731139,51.75451716,89.41289987,65.513,1.966,1.966,1.989,1.629,2.058,58.333,52.778,158.6430643,23.7615,2228.525375
20140903,"2,288.63","2,268.39","2,290.55","2,268.10",21.25,2240.642,2232.033,2226.4875,26.35,26.5,-0.299,75.54704715,59.68536049,107.2704205,67.828,1.973,1.973,2.379,2.454,2.906,58.333,54.167,228.0127806,23.4415,2239.788333
20140904,"2,306.86","2,290.03","2,307.70","2,283.28",19.95,2262.85,2239.673,2232.447,30.067,27.213,5.708,83.45336174,67.60802757,115.1440301,69.551,0.734,0.734,2.451,3.033,3.49,58.333,55.556,217.2127722,22.922,2252.563833
20140905,"2,326.43","2,311.30","2,327.56","2,307.45",21.32,2284.696,2248.235,2239.0475,34.198,28.61,11.175,88.68844121,74.63483212,116.7956594,71.273,0.841,0.841,2.331,3.575,4.168,66.667,58.333,194.0097377,23.008,2266.483958
20140909,"2,326.53","2,328.43","2,331.92","2,315.89",19.7,2302.9,2257.961,2244.1415,37.053,30.299,13.508,91.16322543,80.14429655,113.2010832,71.282,3.887,4.718,1.521,3.211,3.965,75,62.5,148.5593718,22.2325,2277.472667
20140910,"2,318.31","2,318.50","2,321.91","2,306.42",18.98,2313.352,2269.081,2248.9775,38.211,31.881,12.66,90.83702504,83.70853938,105.0939964,69.485,9.815,13.953,0.557,2.553,3.404,66.667,63.889,104.7952031,22.5055,2284.700417
20140911,"2,311.68","2,315.73","2,343.59","2,304.60",22.22,2317.962,2279.302,2253.4175,38.154,33.136,10.037,86.81580512,84.74429463,90.95882609,68.041,21.227,42.27,-0.06,1.95,2.871,66.667,65.278,92.76659317,23.0275,2288.199375
20140912,"2,331.95","2,308.35","2,331.95","2,302.77",19.35,2322.98,2292.915,2259.6915,39.292,34.367,9.85,88.12897055,85.87251993,92.64187177,70.028,7.743,19.3,0.502,2.374,3.509,75,68.056,81.63535429,23.161,2294.625375
20140915,"2,339.14","2,330.19","2,340.45","2,321.59",21.51,2325.522,2305.109,2265.312,40.309,35.556,9.508,90.72774089,87.49092692,97.20136882,70.702,3.534,10.902,0.579,2.205,3.609,75,70.833,85.62220855,22.7225,2301.812792
20140916,"2,296.56","2,341.03","2,347.93","2,293.87",30.27,2319.528,2311.214,2268.1665,37.25,35.895,2.711,72.36874654,82.45020013,52.20583938,62.073,45.24,95.024,-1.04,-0.022,1.582,75,72.222,49.04801974,24.66,2302.120583
20140917,"2,307.89","2,298.98","2,309.05","2,282.79",21.08,2317.444,2315.398,2271.2945,35.333,35.782,-0.899,61.08996162,75.33012062,32.60964361,63.316,50.157,61.468,-0.418,0.142,1.924,75,72.222,21.80108901,25.068,2302.010292
20140918,"2,315.93","2,303.85","2,319.87","2,297.93",18.91,2318.294,2318.128,2275.0805,34.069,35.44,-2.741,57.68498721,69.44840949,34.15814265,64.186,49.125,49.125,-0.054,0.199,2.073,75,73.611,35.81660956,25.4125,2302.598875
20140919,"2,329.45","2,312.98","2,331.56","2,305.52",17.46,2317.794,2320.387,2280.03,33.77,35.106,-2.672,62.33343636,67.07675178,52.84680552,65.615,28.37,28.37,0.401,0.554,2.476,75,75,57.59302397,25.2855,2308.638333
20140922,"2,289.87","2,323.55","2,323.55","2,284.38",17.58,2307.94,2316.731,2282.483,29.993,34.083,-8.181,45.17859016,59.77736457,15.98104134,58.484,89.131,89.131,-1.006,-1.159,0.642,66.667,73.611,-40.92849484,26.6375,2306.022417
20140923,"2,309.72","2,289.09","2,311.53","2,289.02",15.69,2310.572,2315.05,2286.5055,28.275,32.921,-9.293,43.89963528,54.48478814,22.72932955,60.718,58.658,58.658,0.064,-0.312,1.395,66.667,72.222,-52.24305438,26.786,2305.344292
20140924,"2,343.57","2,302.23","2,345.75","2,297.88",22.25,2317.708,2317.576,2293.3285,29.307,32.199,-5.782,60.36866484,56.44608037,68.21383378,64.151,6.693,3.463,1.187,1.086,2.686,66.667,70.833,97.88342544,27.5715,2310.542542
20140925,"2,345.10","2,352.86","2,365.15","2,336.81",22.57,2323.542,2320.918,2300.11,29.904,31.74,-3.671,65.46432926,59.45216334,77.4886611,64.298,24.344,24.824,0.983,1.085,2.539,66.667,69.444,199.0054369,28.3575,2318.777708
20140926,"2,347.72","2,339.29","2,350.11","2,329.96",17.47,2327.196,2322.495,2307.705,30.24,31.44,-2.399,69.92182417,62.94205028,83.88137194,64.558,21.163,21.58,0.866,1.091,2.454,75,69.444,128.261453,28.1345,2325.780417
20140929,"2,357.71","2,353.71","2,363.06","2,346.58",20.01,2340.764,2324.352,2314.7305,30.956,31.343,-0.775,76.93671231,67.60693762,95.59626168,65.556,9.034,9.211,1.09,1.354,2.65,83.333,70.833,159.4066545,27.6865,2330.851583
20140930,"2,363.87","2,361.32","2,365.49","2,354.27",19.39,2351.594,2331.083,2321.1485,31.655,31.405,0.499,83.95871233,73.05752919,105.7610786,66.169,1.959,2.118,0.821,1.503,2.626,83.333,73.611,141.9978178,27.293,2337.768583
20141008,"2,382.79","2,368.58","2,382.79","2,354.29",20.44,2359.438,2338.573,2326.9855,33.351,31.795,3.113,89.30580822,78.4736222,110.9701803,67.994,0,0,1.103,2.155,3.125,83.333,76.389,148.0039723,27.0615,2346.104292
20141009,"2,389.37","2,383.86","2,391.35","2,367.11",23.59,2368.292,2345.917,2332.0225,34.825,32.401,4.849,92.25354339,83.06692926,110.6267717,68.609,1.851,3.225,1.055,2.099,3.05,91.667,80.556,141.3473523,27.0485,2353.84375
20141010,"2,374.54","2,380.76","2,386.28","2,365.07",22.47,2373.656,2350.426,2335.4065,34.4,32.801,3.199,89.3599472,85.16460191,97.75063778,65.644,15.715,27.382,0.22,1.225,2.121,83.333,83.333,98.81623381,27.0425,2358.194125
20141013,"2,366.01","2,366.43","2,366.86","2,341.12",20.09,2375.316,2358.04,2337.3855,32.994,32.839,0.31,83.86986388,84.73302256,82.1435465,63.985,24.763,50.448,-0.269,0.682,1.517,75,83.333,47.13040783,27.6785,2359.095958
20141014,"2,359.47","2,362.80","2,380.52","2,349.19",19.68,2374.436,2363.015,2339.0325,30.996,32.471,-2.95,71.93648198,80.46750904,54.87442787,62.716,34.107,63.468,-0.557,0.297,1.068,66.667,80.556,53.32352453,28.4435,2357.714792
20141015,"2,373.67","2,358.23","2,374.81","2,344.37",20.28,2372.612,2366.025,2341.8005,30.209,32.018,-3.619,71.69116174,77.54205994,59.98936535,64.319,28.799,35.198,-0.027,0.602,1.522,75,79.167,50.43123927,28.96,2360.488458
20141016,"2,356.50","2,361.13","2,389.67","2,353.41",24.82,2366.038,2367.165,2344.0415,27.879,31.19,-6.623,58.00049179,71.02820389,31.9450676,61.01,56.768,69.381,-0.567,-0.29,0.698,66.667,76.389,51.34611574,28.8235,2360.135375
20141017,"2,341.18","2,352.78","2,360.60","2,312.83",21.23,2359.366,2366.511,2344.503,24.513,29.855,-10.683,50.70214481,64.25285086,23.6007327,58.222,63.895,63.105,-0.877,-0.93,0.017,58.333,70.833,-68.96814536,29.753,2356.668875
20141020,"2,356.73","2,346.05","2,357.51","2,340.46",16,2357.51,2366.413,2345.3825,22.838,28.451,-11.228,52.43787069,60.31452414,36.6845638,60.151,44.091,42.868,-0.093,-0.313,0.628,58.333,66.667,-36.39524464,29.6625,2354.977292
20141021,"2,339.66","2,355.03","2,361.65","2,337.55",16.88,2353.548,2363.992,2347.5375,19.903,26.742,-13.678,46.3484599,55.65916939,27.72704091,57.129,65.83,65.083,-0.632,-1.007,-0.139,50,62.5,-82.72914892,28.1645,2352.846875
20141022,"2,326.55","2,339.22","2,352.12","2,324.59",15.27,2344.124,2358.368,2348.4705,16.331,24.66,-16.658,36.8507345,49.3896911,11.77282131,54.918,82.527,82.145,-0.958,-1.453,-0.725,41.667,58.333,-138.5200828,28.228,2349.840125
20141023,"2,302.42","2,322.32","2,329.93","2,297.33",16.26,2333.308,2349.673,2347.795,11.421,22.012,-21.181,26.4045688,41.72798366,-4.242260938,51.119,94.488,94.488,-1.487,-2.263,-1.703,33.333,51.389,-217.5546981,28.761,2340.896458
20141024,"2,302.28","2,303.08","2,314.87","2,296.66",13.22,2325.528,2342.447,2346.4365,7.433,19.096,-23.326,19.61716621,34.35771118,-9.863923729,51.097,93.958,91.353,-1.111,-1.99,-1.644,25,44.444,-173.7208729,28.3695,2333.505375
20141027,"2,290.44","2,293.57","2,293.64","2,279.84",13.03,2312.27,2334.89,2346.465,3.28,15.933,-25.306,16.29520389,28.33687542,-7.788139162,49.277,90.349,87.043,-1.261,-2.151,-2.14,16.667,37.5,-171.9968446,27.238,2326.328125
20141028,"2,337.87","2,294.01","2,338.28","2,294.01",17.86,2311.912,2332.73,2347.8725,3.772,13.501,-19.458,28.47553639,28.38309574,28.6604177,55.852,47.164,29.067,0.921,0.006,-0.166,25,31.944,-57.60030864,28.5045,2328.084375
20141029,"2,373.03","2,343.72","2,381.64","2,339.71",26.56,2321.208,2332.666,2349.3455,6.919,12.184,-10.531,49.49777082,35.42132077,77.65067093,59.876,15.151,8.458,2.193,1.485,1.232,33.333,29.167,69.16770235,28.2995,2335.885125
20141030,"2,391.08","2,371.89","2,397.26","2,365.92",29.46,2338.94,2336.124,2351.6445,10.746,11.897,-2.302,64.57746125,45.14003426,103.4523152,61.743,5.263,5.263,2.496,2.141,1.891,41.667,29.167,124.4579725,28.4495,2348.193833
20141031,"2,420.18","2,393.18","2,423.60","2,384.48",32.58,2362.52,2344.024,2355.2675,15.943,12.706,6.474,75.59198585,55.29068479,116.194588,64.522,2.379,2.379,2.878,3.214,2.893,41.667,30.556,163.6299599,29.398,2361.834375
20141103,"2,430.03","2,425.22","2,436.79","2,418.17",29.88,2390.438,2351.354,2358.8835,20.619,14.288,12.661,82.29228918,64.29121959,118.2944284,65.409,4.307,4.307,2.37,3.364,3.092,50,34.722,169.7910129,29.505,2374.343167
20141104,"2,430.68","2,428.27","2,435.22","2,417.22",30.9,2409,2360.456,2362.224,24.099,16.251,15.697,86.89720627,71.82654848,117.0385218,65.468,3.893,4.279,1.399,3.064,2.961,58.333,41.667,135.6691919,29.844,2386.186208
20141105,"2,419.25","2,432.17","2,434.36","2,415.50",26.36,2418.244,2369.726,2364.047,25.64,18.128,15.022,87.53962631,77.06424109,108.4903967,63.466,11.176,18.068,0.354,2.353,2.342,50,45.833,105.5607626,29.362,2391.257792
20141106,"2,425.86","2,419.62","2,426.89","2,401.75",22.2,2425.2,2382.07,2365.8715,27.081,19.919,14.325,89.37175045,81.16674421,105.7817629,64.128,6.964,15.423,0.262,2.322,2.481,58.333,50,82.34406089,29.407,2395.3635
20141107,"2,418.17","2,427.90","2,454.42","2,407.44",29.12,2424.798,2393.659,2368.053,27.289,21.393,11.792,85.38171972,82.57173605,91.00168706,62.748,20.764,51.83,-0.242,1.67,2.048,58.333,52.778,80.81915954,30.541,2397.903875
20141110,"2,473.67","2,436.63","2,474.16","2,428.19",30.06,2433.526,2411.982,2373.436,31.568,23.428,16.28,90.13299723,85.09215644,100.2146788,67.944,0.272,0.677,1.674,3.384,4.188,66.667,56.944,107.5050903,31.6695,2409.581083
20141111,"2,469.67","2,483.65","2,508.62","2,445.96",41.19,2441.324,2425.162,2378.946,34.242,25.591,17.302,84.32365664,84.83598984,83.29899025,67.239,23.06,36.446,1.235,2.618,3.862,66.667,59.722,112.4647367,33.236,2419.748375
20141112,"2,494.48","2,454.60","2,494.92","2,444.81",25.29,2456.37,2437.307,2384.9865,37.925,28.058,19.736,85.75231586,85.14143185,86.97408388,69.301,9.909,13.231,1.808,2.922,4.712,75,62.5,106.7115001,34.2195,2434.526833
20141113,"2,485.61","2,495.00","2,507.74","2,471.41",29.5,2468.32,2446.76,2391.442,39.672,30.381,18.583,83.32459995,84.53582122,80.90215743,67.711,18.536,21.531,0.99,2.038,4.138,66.667,65.278,116.1328637,34.223,2442.978625
20141114,"2,478.82","2,477.97","2,481.02","2,457.05",22.06,2480.45,2452.624,2398.324,40.046,32.314,15.465,79.58828481,82.88664241,72.99156961,66.492,27.884,29.452,0.354,1.392,3.649,58.333,65.278,88.43004032,33.2625,2449.87225
20141117,"2,474.01","2,506.86","2,508.77","2,472.45",21.57,2480.518,2457.022,2404.188,39.5,33.751,11.497,75.56555311,80.44627931,65.8041007,65.619,32.48,43.137,-0.216,0.91,3.242,50,63.889,96.15992438,34.226,2453.686792
20141118,"2,456.37","2,474.18","2,477.05","2,449.81",20.11,2477.858,2459.591,2410.0235,37.214,34.443,5.541,67.38943184,76.09399682,49.98030188,62.479,48.963,81.926,-0.813,0.067,2.358,41.667,59.722,36.45472318,34.383,2452.742125
20141119,"2,450.99","2,452.15","2,461.49","2,442.71",18.62,2469.16,2462.765,2416.2455,34.57,34.469,0.202,59.25241704,70.4801369,36.79697734,61.542,53.99,87.466,-0.905,-0.223,1.967,33.333,54.167,4.156537179,33.9455,2451.636792
20141120,"2,452.66","2,443.28","2,458.32","2,437.48",16.55,2462.57,2465.445,2423.7575,32.238,34.023,-3.57,49.62405697,63.52811025,21.81595039,61.728,55.374,78.707,-0.557,-0.229,1.84,33.333,47.222,-11.49163814,33.3575,2450.451042
20141121,"2,486.79","2,452.63","2,488.20","2,446.65",21.22,2464.164,2472.307,2432.983,32.766,33.771,-2.011,56.13876674,61.06499575,46.28630872,65.305,27.277,30.832,0.818,0.928,3.025,41.667,43.056,57.90532684,34.5245,2456.748667
20141124,"2,532.88","2,505.53","2,546.75","2,495.52",36.35,2475.938,2478.228,2445.105,36.483,34.313,4.338,66.52806834,62.88601995,73.81216513,69.343,12.693,12.693,2.313,2.428,4.586,41.667,40.278,186.7947291,36.4005,2471.085417
20141125,"2,567.60","2,532.00","2,568.38","2,527.08",31.43,2498.184,2488.021,2456.5915,41.749,35.8,11.896,77.48675399,67.75293129,96.95439938,71.912,0.596,0.596,3.066,3.312,5.581,50,40.278,223.3259764,36.0735,2490.548083
20141126,"2,604.35","2,572.65","2,605.07","2,570.40",33.71,2528.856,2499.008,2468.1575,48.33,38.306,20.048,84.84796269,73.45127509,107.6413379,74.292,0.43,0.43,3.517,4.333,6.541,50,41.667,229.088707,35.7585,2512.124583
20141127,"2,630.49","2,615.37","2,631.40","2,599.11",36.41,2564.422,2513.496,2480.128,55.021,41.649,26.744,89.7422199,78.88159003,111.4634796,75.813,0.469,0.469,3.327,4.818,7.012,58.333,45.833,190.6623857,35.806,2534.080958
20141128,"2,682.83","2,629.63","2,683.18","2,622.06",46.59,2603.63,2533.897,2493.2605,63.812,46.082,35.46,93.11399655,83.62572554,112.0905386,78.474,0.142,0.148,3.818,6.239,8.42,58.333,50,179.4502782,36.906,2560.480958
20141201,"2,680.16","2,691.72","2,720.74","2,668.84",44.68,2633.086,2554.512,2505.767,69.759,50.817,37.883,90.63397741,85.9618095,99.97831325,78.017,14.326,18.018,2.438,5.456,7.692,58.333,52.778,157.8779809,38.57,2582.035292
20141202,"2,763.54","2,667.82","2,777.37","2,665.69",43.77,2672.274,2585.229,2522.41,80.275,56.709,47.132,92.39966378,88.10776092,100.9834695,81.523,4.069,5.526,4.095,7.731,10.321,66.667,56.944,153.5330695,43.254,2612.826042
20141203,"2,779.53","2,768.68","2,824.18","2,733.87",56.21,2707.31,2618.083,2540.424,88.874,63.142,51.465,90.99081763,89.06877982,94.83489323,82.094,11.546,17.594,3.322,7.289,10.247,75,61.111,146.5405191,46.8265,2640.583292
20141204,"2,899.46","2,783.47","2,900.51","2,772.43",53.27,2761.104,2662.763,2564.104,104.166,71.347,65.639,93.90745653,90.68167206,100.3590255,85.583,0.231,0.348,5.845,10.346,14.1,83.333,66.667,158.4217593,51.9735,2686.305583
20141205,"2,937.65","2,926.57","2,978.03","2,813.05",64.05,2812.068,2707.849,2590.078,118.006,80.679,74.655,92.95349451,91.43894621,95.9825911,86.46,8.369,11.344,5.272,10.1,14.648,91.667,72.222,150.6442968,57.8735,2730.245333
20141208,"3,020.26","2,907.82","3,041.66","2,879.85",58.76,2880.088,2756.587,2617.4075,134.095,91.362,85.466,93.78865711,92.22218317,96.92160497,88.094,4.159,5.692,6.094,11.225,16.753,91.667,77.778,152.1572745,63.1645,2783.023125
20141209,"2,856.27","2,992.49","3,091.32","2,834.59",77.2,2898.634,2785.454,2636.7375,132.09,99.507,65.165,79.94110226,88.12848954,63.5663277,70.475,45.122,55.224,-0.69,4.006,9.642,83.333,81.944,106.6987077,72.868,2799.291875
20141210,"2,940.01","2,855.94","2,946.71","2,807.68",51.29,2930.73,2819.02,2659.014,135.694,106.745,57.898,75.87927325,84.04541744,59.54698486,73.318,30.741,42.33,1.187,5.749,11.936,83.333,84.722,80.14951845,77.314,2820.892458
20141211,"2,925.74","2,912.35","2,965.67","2,892.61",48.26,2935.986,2848.545,2681.0205,135.833,112.562,46.541,70.95207116,79.68096868,53.49427612,72.084,35.285,51.924,-0.142,4.118,10.503,75,84.722,81.80884249,79.1505,2832.07075
20141212,"2,938.17","2,929.36","2,962.51","2,914.96",40.95,2936.09,2874.079,2703.988,135.385,117.127,36.517,68.64072872,76.00088869,53.92040878,72.505,35.982,53.995,0.062,3.535,10.167,75,83.333,76.28106486,80.1,2853.205125
20141215,"2,953.42","2,921.45","2,960.23","2,890.90",40.04,2922.722,2901.405,2727.9585,134.708,120.643,28.13,66.23421174,72.74532971,53.21197581,73.025,32.399,48.618,0.491,3.095,9.908,75,80.556,65.67190599,81.7505,2867.700042
20141216,"3,021.52","2,953.81","3,021.90","2,943.91",45.38,2955.772,2927.203,2756.216,138.075,124.13,27.891,70.19333267,71.89466403,66.79066995,75.212,19.527,24.609,2.801,4.443,11.531,75,77.778,92.901757,84.288,2889.854625
20141217,"3,061.02","3,031.95","3,076.60","2,993.33",54.25,2979.974,2955.352,2786.7175,142.291,127.762,29.058,76.56803666,73.45245491,82.79920017,76.371,9.502,5.794,2.95,4.66,11.998,83.333,77.778,117.4185354,87.5125,2924.183333
20141218,"3,057.52","3,062.80","3,089.79","3,030.32",43.59,3006.33,2971.158,2816.9605,143.693,130.948,25.489,80.40651981,75.77047654,89.67860635,76.042,11.917,16.225,2.159,3.672,10.891,75,76.389,126.3361289,89.444,2951.439917
20141219,"3,108.60","3,053.07","3,117.53","3,018.42",52.11,3040.416,2988.253,2848.051,147.228,134.204,26.048,85.97699998,79.17265102,99.58569789,77.517,2.882,3.94,2.819,4.433,11.673,75,76.389,138.2801993,92.322,2980.944
20141222,"3,127.44","3,129.27","3,189.87","3,090.51",67.94,3075.22,2998.971,2877.779,149.823,137.328,24.991,85.20639755,81.18389986,93.25139293,78.037,16.335,20.882,2.374,4.4,11.233,75,76.389,154.8230728,94.292,3006.546833
20141223,"3,032.61","3,085.08","3,136.84","3,025.67",43.78,3077.438,3016.605,2901.0295,142.584,138.379,8.41,72.60406658,78.32395543,61.16428886,69.582,41.147,63.937,-1.157,0.968,6.938,66.667,75,79.23567324,97.7855,3015.561542
20141224,"2,972.53","3,039.21","3,050.51","2,934.91",37.68,3059.74,3019.857,2919.4385,130.495,136.802,-12.614,57.50395867,71.38395651,29.74396298,64.931,72.696,85.245,-2.857,-0.901,4.025,58.333,72.222,-6.225228133,101.692,3005.789
20141225,"3,072.54","2,992.46","3,073.35","2,969.87",37.69,3062.744,3034.537,2941.541,127.515,134.945,-14.86,58.58772569,67.11854624,41.52608459,68.579,39.245,46.019,0.348,1.821,6.614,66.667,69.444,41.9969717,105.2515,3011.72525
20141226,"3,157.60","3,078.01","3,164.16","3,064.18",46.07,3072.544,3056.48,2965.2795,130.512,134.058,-7.093,68.17285467,67.46998238,69.57859925,71.234,10.794,12.657,2.568,4.015,8.585,66.667,68.056,115.8154701,107.1945,3036.778833
20141229,"3,168.02","3,212.56","3,223.86","3,126.94",51.01,3080.66,3077.94,2989.6725,132.204,133.687,-2.967,72.34018886,69.09338454,78.8337975,71.542,19.325,19.325,2.576,3.668,8.014,75,68.056,136.1797118,109.4455,3066.69125
20141230,"3,165.81","3,160.80","3,190.30","3,130.35",39.77,3107.3,3092.369,3009.786,131.846,133.319,-2.946,74.86346559,71.01674489,82.55690698,71.373,20.09,20.09,2.293,2.957,7.085,66.667,66.667,113.4199011,106.859,3085.833375
20141231,"3,234.68","3,172.60","3,239.36","3,157.26",40.6,3159.73,3109.735,3032.5435,135.558,133.767,3.582,82.72991098,74.92113359,98.34746577,73.413,1.537,1.537,3.393,4.401,8.49,66.667,66.667,137.5048753,106.4485,3112.22525
20150105,"3,350.52","3,258.63","3,369.28","3,253.88",53.14,3215.326,3139.035,3055.0965,146.162,136.246,19.832,87.04697444,78.96308054,103.2147623,76.369,4.319,4.697,4.982,7.191,11.337,66.667,68.056,190.511351,106.7745,3155.675583
20150106,"3,351.45","3,330.80","3,394.22","3,303.18",50.17,3254.096,3163.32,3075.7865,152.878,139.572,26.612,88.26071837,82.06229315,100.6575688,76.391,9.312,12.959,3.503,6.397,10.342,66.667,68.056,172.3897925,103.0775,3193.989958
20150107,"3,373.95","3,326.65","3,374.90","3,312.21",39.19,3295.282,3187.971,3093.471,158.193,143.296,29.793,90.7027651,84.94245046,102.2233944,76.933,4.413,7.584,3.051,6.222,10.16,75,69.444,141.6433653,98.1215,3225.623792
20150108,"3,293.46","3,371.96","3,381.57","3,285.10",37.11,3320.812,3214.056,3115.3305,154.133,145.464,17.339,85.88699323,85.25729805,87.14638359,70.862,21.937,38.185,-0.046,3.188,6.786,66.667,68.056,98.54713501,90.1085,3235.411583
20150109,"3,285.41","3,276.97","3,404.83","3,267.51",41.02,3330.958,3245.344,3132.6005,148.554,146.082,4.944,78.90582562,83.14014058,70.4371957,70.283,27.455,48.237,-0.89,2.513,5.972,58.333,66.667,81.74856022,90.023,3242.500125
20150112,"3,229.32","3,258.21","3,275.19","3,191.58",32.21,3306.718,3261.022,3147.7795,138.015,144.468,-12.906,64.88452237,77.05493451,40.54369809,66.343,51.522,82.302,-2.556,0.25,3.756,58.333,65.278,21.09885261,91.0615,3238.117167
20150113,"3,235.30","3,223.54","3,259.39","3,214.41",23.07,3283.488,3268.792,3162.636,128.663,141.307,-25.289,56.00166059,70.03717654,27.93062871,66.551,61.006,79.498,-1.806,-0.243,3.65,66.667,65.278,19.81926274,90.933,3237.658167
20150114,"3,222.44","3,242.34","3,268.48","3,193.98",24.02,3253.186,3274.234,3176.087,118.843,136.815,-35.943,46.11040948,62.06158752,14.20805341,65.638,66.449,85.529,-1.554,-1.02,2.736,58.333,63.889,7.255552728,91.1915,3233.520917
20150115,"3,336.45","3,224.07","3,337.08","3,207.55",28.25,3261.784,3291.298,3191.8335,118.89,133.23,-28.679,53.38505611,59.16941038,41.81634756,69.508,27.62,32.066,2.124,2.014,5.813,58.333,61.111,47.85391361,93.7685,3248.548583
20150116,"3,376.49","3,343.60","3,400.32","3,340.49",33.99,3280,3305.479,3207.607,120.766,130.737,-19.941,64.49351533,60.94411203,71.59232192,70.716,13.29,13.29,2.913,2.693,6.449,58.333,59.722,104.5921595,92.7985,3272.0605
20150119,"3,116.35","3,189.73","3,262.21","3,095.07",40.11,3257.406,3282.062,3210.5485,100.108,124.611,-49.006,45.28562179,55.72461528,24.4076348,55.74,93.13,93.029,-4.193,-5.1,-1.982,58.333,59.722,-108.8110589,103.896,3255.880458
20150120,"3,173.05","3,114.56","3,190.25","3,100.48",35.71,3244.956,3264.222,3213.771,87.305,117.15,-59.69,38.58185736,50.01036264,15.7248468,57.774,74.826,74.454,-2.167,-3.222,-0.485,58.333,59.722,-108.6481771,103.429,3239.440875
20150121,"3,323.61","3,189.09","3,337.00","3,178.34",41.1,3265.19,3259.188,3223.5795,88.29,111.378,-46.176,50.31447171,50.11173233,50.71995047,62.543,26.22,25.13,2.012,1.44,3.827,58.333,58.333,6.507754207,106.6585,3240.605292
20150122,"3,343.34","3,327.32","3,352.38","3,293.98",35.34,3266.568,3264.176,3239.116,89.629,107.028,-34.798,60.65409225,53.62585231,74.71057215,63.113,19.851,18.667,1.987,2.063,4.061,58.333,58.333,54.87807029,104.02,3268.273792
20150123,"3,351.76","3,357.10","3,406.79","3,328.29",36.62,3261.622,3270.811,3258.0775,90.329,103.688,-26.719,67.88484032,58.37884831,86.89682434,63.361,17.654,17.654,2.164,2.378,3.927,58.333,58.333,85.67198917,102.165,3288.082292
20150126,"3,383.18","3,347.26","3,384.80","3,321.31",31.75,3314.988,3286.197,3273.6095,92.354,101.421,-18.135,76.06519189,64.27429617,99.64698333,64.296,7.574,7.574,3.087,3.102,4.53,66.667,59.722,84.35261677,100.1655,3299.077375
20150127,"3,352.96","3,389.85","3,390.22","3,290.22",37.45,3350.97,3297.963,3283.3775,90.477,99.232,-17.511,78.28722703,68.94527313,96.97113485,62.69,17.269,17.574,0.953,2.006,3.297,66.667,61.111,65.3089613,100.1665,3313.587083
20150128,"3,305.74","3,325.72","3,354.80","3,294.65",30.19,3347.396,3306.293,3290.2635,84.209,96.228,-24.038,74.71918048,70.86990891,82.41772363,60.237,32.417,44.233,-1.127,0.375,1.486,66.667,62.5,36.73127788,98.328,3318.594417
20150129,"3,262.30","3,259.00","3,286.79","3,234.24",27.47,3331.188,3298.878,3295.088,74.873,91.957,-34.168,67.69528838,69.81170207,63.462461,58.056,46.352,83.738,-2.127,-1.012,-0.217,58.333,62.5,-22.2653701,98.9055,3307.735125
20150130,"3,210.36","3,273.75","3,288.50","3,210.31",25.83,3302.908,3282.265,3293.872,62.562,86.078,-47.032,57.08757747,65.5703272,40.12207801,55.546,63.015,99.975,-3.041,-2.558,-1.978,58.333,62.5,-50.53080262,98.71,3289.755292
20150202,"3,128.30","3,148.14","3,175.13","3,122.57",25.09,3251.932,3283.46,3282.761,45.658,77.994,-64.673,38.73039962,56.62368467,2.943829506,51.852,90.918,97.859,-4.445,-4.546,-4.448,50,61.111,-132.4224768,96.3695,3258.543583
20150203,"3,204.91","3,156.09","3,207.94","3,129.73",24.82,3222.322,3286.646,3275.434,38.004,69.996,-63.983,35.47710501,49.57482479,7.281665461,54.782,71.029,69.236,-1.208,-1.78,-2.154,50,58.333,-85.27790541,95.7995,3240.926833
20150204,"3,174.13","3,212.82","3,238.98","3,171.14",24.91,3196,3271.698,3265.443,29.12,61.821,-65.402,29.69836227,42.94933728,3.196412246,53.419,81.859,77.798,-1.249,-2.867,-3.104,50,55.556,-62.10518351,96.057,3229.162417
20150205,"3,136.53","3,251.21","3,251.21","3,135.82",30.61,3170.846,3251.017,3257.5965,18.828,53.222,-68.789,21.53749713,35.81205723,-7.011623065,51.777,95.088,91.587,-1.555,-3.928,-4.132,41.667,51.389,-69.20127189,97.003,3220.075375
20150206,"3,075.91","3,120.09","3,129.54","3,052.94",24.68,3143.956,3223.432,3247.1215,5.714,43.72,-76.014,16.62845318,29.41752255,-8.949685555,49.231,93.19,90.249,-2.508,-5.185,-5.655,33.333,47.222,-135.9647432,94.3165,3193.779958
20150209,"3,095.12","3,063.51","3,119.03","3,049.11",20.61,3137.32,3194.626,3240.4115,-3.094,34.358,-74.902,16.10270067,24.97924859,-1.650395162,50.043,86.512,77.234,-1.298,-3.981,-4.754,33.333,43.056,-122.9435258,93.121,3175.545375
20150210,"3,141.59","3,090.49","3,142.10","3,084.25",19.38,3124.656,3173.489,3235.726,-6.252,26.236,-64.975,23.61230771,24.52360163,21.78971987,51.982,69.747,54.24,0.113,-2.007,-3.035,33.333,40.278,-80.80798202,93.7645,3170.970875
20150211,"3,157.70","3,145.77","3,166.42","3,139.05",17.28,3121.37,3158.685,3232.489,-7.369,19.515,-53.768,30.86191387,26.63637238,39.31299686,52.647,54.639,46.269,0.88,-0.923,-2.367,33.333,37.5,-49.19454229,91.408,3170.312875
20150212,"3,173.42","3,157.96","3,181.77","3,134.24",19.46,3128.748,3149.797,3224.3375,-6.907,14.23,-42.275,41.07766054,31.4501351,60.33271143,53.306,48.072,38.491,1.386,0.039,-1.739,41.667,36.111,-35.46364402,87.308,3171.03
20150213,"3,203.83","3,186.81","3,237.16","3,182.79",26.13,3154.332,3149.144,3215.7045,-4.04,10.576,-29.233,52.90382713,38.60136578,81.50874985,54.58,23.444,17.724,1.992,1.269,-0.765,50,37.5,18.91165695,87.3015,3174.739458
20150216,"3,222.36","3,206.14","3,228.85","3,195.88",22.38,3179.78,3158.55,3221.005,-0.27,8.407,-17.354,63.84418098,47.01563751,97.50126791,55.355,14.275,7.87,1.791,1.962,-0.175,58.333,41.667,46.03447439,74.879,3186.722917
20150217,"3,246.91","3,230.88","3,255.73","3,230.77",22.83,3200.844,3162.75,3224.698,4.645,7.655,-6.019,74.47321871,56.16816458,111.083327,56.384,4.269,5.143,1.753,2.64,0.554,66.667,47.222,103.8063316,72.059,3200.856375
20150225,"3,228.84","3,256.48","3,257.22","3,215.55",23.33,3215.072,3168.221,3219.9595,7.002,7.524,-1.044,78.43647284,63.590934,108.1275505,55.404,13.637,23.077,0.728,1.799,0.134,66.667,52.778,94.80765348,65.945,3207.485917
20150226,"3,298.36","3,222.15","3,300.62","3,202.19",30.13,3240.06,3184.404,3217.7105,14.314,8.882,10.864,85.32479102,70.83555301,114.3032671,58.314,0.899,1.358,2.15,3.736,2.393,66.667,58.333,137.1860988,67.9465,3221.064708
20150227,"3,310.30","3,296.83","3,324.55","3,291.01",29.92,3261.354,3207.843,3215.6375,20.833,11.272,19.121,88.23983155,76.63697919,111.4455363,58.796,5.174,10.052,1.8,3.742,2.507,75,63.889,159.2199187,65.6985,3234.369167
20150302,"3,336.28","3,332.72","3,336.76","3,298.67",34.64,3284.138,3231.959,3213.2925,27.775,14.573,26.404,92.08088316,81.78494718,112.6727551,59.85,0.19,0.341,1.907,4.013,3.094,83.333,69.444,142.5689411,64.4285,3252.416458
20150303,"3,263.05","3,317.69","3,317.69","3,260.43",38.2,3287.366,3244.105,3208.797,27.055,17.069,19.972,82.58845367,82.05278268,83.65979567,55.662,36.396,54.774,-0.536,1.238,0.91,83.333,73.611,79.62351563,63.221,3253.94425
20150304,"3,279.53","3,264.18","3,286.59","3,250.48",29.36,3297.504,3256.288,3207.4865,27.498,19.155,16.686,76.00244295,80.03600277,67.93532332,56.379,28.259,42.528,-0.199,1.267,1.503,83.333,76.389,62.40198703,62.019,3256.2535
20150305,"3,248.48","3,264.08","3,266.64","3,221.67",32.07,3287.528,3263.794,3206.7955,25.055,20.335,9.44,63.11387546,74.39529367,40.55103906,54.643,57.336,65.602,-1.242,0.033,0.676,75,77.778,26.63183236,61.337,3251.809292
20150306,"3,241.19","3,248.04","3,266.93","3,234.53",28.29,3273.706,3267.53,3208.337,22.273,20.723,3.101,51.73631677,66.84230137,21.52434757,54.233,67.838,83.039,-1.177,-0.405,0.635,66.667,77.778,19.08935129,59.0475,3249.730292
20150309,"3,302.41","3,224.31","3,307.70","3,198.37",32.15,3266.932,3275.535,3217.0425,24.724,21.523,6.402,59.55049198,64.41169824,49.82807946,57.052,24.821,24.821,0.73,1.142,2.602,66.667,76.389,44.72640881,60.1245,3256.171875
20150310,"3,286.07","3,289.08","3,309.92","3,277.09",28.58,3271.536,3279.451,3221.1005,25.059,22.23,5.657,60.82420495,63.21586714,56.04088057,56.09,36.628,26.5,0.488,0.431,2.121,58.333,72.222,73.85407574,57.784,3259.940125
20150311,"3,290.90","3,289.59","3,325.05","3,278.47",28.3,3273.81,3285.657,3226.939,25.421,22.868,5.105,62.83672579,63.08948669,62.33120399,56.317,33.138,26.958,0.493,0.403,2.233,58.333,68.056,80.7696954,56.721,3268.130583
20150312,"3,349.32","3,314.81","3,360.05","3,300.49",35.73,3293.978,3290.753,3237.5785,30.075,24.31,11.531,73.01229518,66.39708952,86.24270649,58.995,6.637,6.637,1.915,1.92,3.861,58.333,63.889,149.8738519,54.409,3279.741083
20150313,"3,372.91","3,359.49","3,391.26","3,352.15",32.84,3320.322,3297.014,3252.4285,35.261,26.5,17.522,78.8371321,70.54377038,95.42385554,60.027,9.513,9.513,1.989,2.264,4.263,66.667,62.5,184.6392141,52.3265,3298.876292
20150316,"3,449.30","3,391.16","3,449.30","3,377.09",39.91,3349.7,3308.316,3270.1375,45.015,30.203,29.625,85.8914214,75.65965405,106.3549561,63.162,0,0,3.216,4.183,6.29,66.667,62.5,214.5993345,52.65,3328.319375
20150317,"3,502.85","3,469.60","3,504.12","3,459.69",52.09,3393.056,3332.296,3288.2005,56.417,35.446,41.942,90.45582359,80.59171057,110.1840496,65.16,0.415,0.559,3.781,5.29,7.486,66.667,62.5,220.3383534,52.4985,3357.992417
20150318,"3,577.30","3,510.50","3,577.66","3,503.85",54.52,3450.336,3362.073,3309.1805,70.646,42.486,56.32,93.60557766,84.92966627,110.9574005,67.702,0.095,0.12,4.484,6.883,9.156,66.667,63.889,204.8962449,54.8705,3397.42575
20150319,"3,582.27","3,576.02","3,600.68","3,546.84",53.73,3496.926,3395.452,3329.623,81.385,50.266,62.239,94.21169405,88.02367553,106.5877311,67.865,4.576,6.133,3.166,6.187,8.608,75,66.667,161.7975179,55.186,3432.408042
20150320,"3,617.32","3,587.08","3,632.34","3,569.38",51.67,3545.808,3433.065,3350.2975,91.668,58.546,66.243,94.73179322,90.25971476,103.6759501,69.018,3.461,5.361,2.853,6.339,8.952,75,69.444,139.5857661,55.147,3465.319792
20150323,"3,687.73","3,640.10","3,688.25","3,635.48",53.61,3593.494,3471.597,3373.566,104.296,67.696,73.2,96.44556303,92.32166418,104.6933607,71.185,0.126,0.167,3.313,7.255,10.317,83.333,72.222,138.6393262,57.045,3502.607958
20150324,"3,691.41","3,692.57","3,715.87","3,600.70",63.96,3631.206,3512.131,3395.791,113.295,76.816,72.958,95.66751404,93.43694747,100.1286472,71.294,5.592,9.548,2.26,6.203,9.697,91.667,76.389,113.9122064,61.135,3536.726708
20150325,"3,660.73","3,680.95","3,693.15","3,634.56",52.19,3647.892,3549.114,3417.3855,116.607,84.774,63.665,92.05833829,92.97741107,90.22019273,69.013,13.275,26.007,0.677,4.423,8.133,83.333,79.167,94.33000989,61.981,3559.786167
20150326,"3,682.10","3,641.94","3,707.32","3,615.01",48.86,3667.858,3582.392,3436.5725,119.577,91.735,55.685,91.38285189,92.44589135,89.25677298,69.717,9.285,19.979,0.78,4.053,8.128,91.667,83.333,85.39101206,61.675,3576.731042
20150327,"3,691.10","3,686.13","3,710.48","3,656.83",40.89,3682.614,3614.211,3455.6125,121.26,97.64,47.241,91.03224035,91.97467435,89.14737235,70.017,7.312,16.909,0.527,3.333,7.774,91.667,86.111,83.49930054,62.6805,3594.337292
20150330,"3,786.57","3,710.61","3,795.93","3,710.61",56.47,3702.382,3647.938,3478.127,128.812,103.874,49.876,92.95329307,92.30088059,94.25811804,72.975,2.784,4.794,2.341,4.936,9.84,91.667,88.889,113.3529888,66.0175,3626.614042
20150331,"3,747.90","3,822.99","3,835.57","3,737.04",56.17,3713.68,3672.443,3502.3695,130.177,109.135,42.084,85.18085942,89.9275402,75.68749785,70.054,26.429,37.327,1.022,2.972,8.041,83.333,88.889,109.3873256,67.1515,3648.477375
20150401,"3,810.29","3,748.34","3,817.08","3,742.21",44.75,3743.592,3695.742,3528.9075,134.739,114.256,40.967,86.95491433,88.93666491,82.99141317,71.945,8.756,11.462,2.159,3.828,9.168,83.333,87.5,110.4894074,69.0895,3677.518333
20150402,"3,825.78","3,827.69","3,835.45","3,775.89",47.93,3772.328,3720.093,3557.7725,138.014,119.007,38.013,89.91385512,89.26239498,91.21677541,72.396,3.678,4.439,1.823,3.492,8.941,83.333,87.5,120.3114628,69.1745,3701.606875
20150403,"3,863.93","3,803.38","3,864.40","3,792.21",47.3,3806.894,3744.754,3588.9095,142.05,123.616,36.868,93.21649247,90.58042747,98.48862245,73.493,0.178,0.226,2.015,3.852,9.343,83.333,86.111,129.0407757,71.164,3732.608
20150407,"3,961.38","3,899.42","3,961.67","3,891.73",57.04,3841.856,3772.119,3621.858,151.367,129.166,44.402,95.44977649,92.20354381,101.9422419,76.03,0.08,0.116,3.359,5.575,11.185,83.333,84.722,165.8402262,70.5845,3772.59575
20150408,"3,994.81","3,976.53","4,000.22","3,903.65",61.81,3891.238,3802.459,3657.295,159.609,135.255,48.708,96.49837474,93.63515412,102.224816,76.825,1.404,2.056,3.296,5.581,11.193,83.333,83.333,153.7906746,73.7715,3812.081875
20150409,"3,957.53","4,006.13","4,016.40","3,900.03",58.52,3920.686,3832.139,3690.6265,161.273,140.458,41.63,92.20813862,93.15948229,90.30545129,73.972,14.667,21.471,1.416,3.978,9.257,75,81.944,128.6084446,77.261,3842.570167
20150410,"4,034.31","3,947.49","4,040.35","3,929.32",48.43,3962.392,3867.36,3724.876,166.864,145.739,42.249,94.19484367,93.50460275,95.57532552,75.896,1.575,2.284,2.403,5.205,10.37,75,80.556,131.1855149,79.355,3873.687958
20150413,"4,121.71","4,072.72","4,128.07","4,057.29",58.98,4013.948,3910.421,3762.316,176.315,151.855,48.921,95.58773789,94.19898113,98.36525141,77.841,1.523,1.894,3.328,6.418,11.718,83.333,80.556,154.3217905,81.946,3915.557125
20150414,"4,135.57","4,125.78","4,168.35","4,091.26",61.07,4048.786,3945.321,3796.6295,182.816,158.047,49.538,94.49438936,94.29745054,94.88826701,78.133,7.6,11.85,2.512,5.745,11.028,83.333,80.556,136.6919677,81.981,3959.737792
20150415,"4,084.16","4,135.65","4,175.49","4,069.01",61.3,4066.656,3978.947,3825.695,181.725,162.782,37.885,88.71114112,92.4353474,81.26272857,74.341,21.079,33.155,0.727,3.563,8.684,75,79.167,106.4940736,84.564,3984.462917
20150416,"4,194.82","4,055.92","4,195.31","4,031.24",55.12,4114.114,4017.4,3856.571,187.626,167.751,39.75,92.43357477,92.43475653,92.43121127,76.863,0.117,0.166,2.613,5.459,10.592,75,77.778,107.9992676,89.027,4015.113375
20150417,"4,287.30","4,254.72","4,317.22","4,238.91",70.17,4164.712,4063.552,3891.8225,197.489,173.699,47.581,92.6117523,92.49375512,92.84774667,78.689,5.699,7.713,3.484,6.579,11.906,83.333,79.167,154.4147388,92.455,4061.548333
20150420,"4,217.08","4,301.35","4,356.00","4,190.68",85.71,4183.786,4098.867,3921.8105,197.365,178.432,37.865,84.91886264,89.96879096,74.819006,74.058,29.922,42.776,1.046,3.958,9.161,75,79.167,118.1881341,97.573,4096.212208
20150421,"4,293.62","4,212.19","4,294.37","4,188.57",63.45,4215.396,4132.091,3952.105,201.123,182.97,36.306,85.38566689,88.44108294,79.2748348,75.685,13.681,19.208,2.178,4.837,10.203,75,77.778,102.7161186,99.3165,4128.92875
20150422,"4,398.49","4,304.60","4,400.19","4,297.95",68.03,4278.262,4172.459,3987.459,210.142,188.405,43.475,90.13676665,89.00631084,92.39767827,77.687,0.34,0.461,3.594,6.242,11.911,75,76.389,134.4509412,98.8865,4169.12475
20150423,"4,414.51","4,414.48","4,444.41","4,358.84",66.73,4322.2,4218.157,4025.148,216.091,193.942,44.298,91.01226755,89.67496308,93.6868765,77.976,5.805,7.237,2.64,5.665,11.337,75,76.389,136.249224,100.2355,4218.204292
20150424,"4,393.69","4,355.95","4,416.38","4,318.12",62.86,4343.478,4254.095,4060.7275,216.629,198.479,36.299,89.91623881,89.75538832,90.23793979,76.63,12.276,19.825,1.375,4.337,9.915,66.667,75,103.221445,100.533,4252.034583
20150427,"4,527.40","4,441.93","4,529.74","4,441.93",67.11,4405.542,4294.664,4102.5425,225.247,203.833,42.829,93.12102313,90.87726659,97.60853621,79.053,0.469,0.686,3.504,6.313,12.277,75,73.611,135.9542907,104.653,4295.107292
20150428,"4,476.21","4,527.64","4,572.39","4,432.90",76.77,4442.06,4328.728,4137.0245,225.35,208.136,34.427,89.48959521,90.41470946,87.63936669,75.909,17.773,25.059,1.333,4.21,10.115,66.667,72.222,117.2634964,106.386,4328.872792
20150429,"4,476.62","4,446.12","4,499.94","4,398.64",51.98,4457.686,4367.974,4173.4605,222.894,211.088,23.613,84.6757967,88.50173854,77.02391301,75.917,17.697,34.897,0.648,3.507,9.212,66.667,70.833,89.92229387,106.5245,4359.911583
20150430,"4,441.66","4,483.01","4,507.34","4,441.05",52.67,4463.116,4392.658,4205.029,215.642,211.999,7.286,78.43045227,85.14464312,65.00207059,73.737,34.06,51.414,-0.3,2.096,7.528,58.333,68.056,80.1672281,106.0955,4368.834333
20150504,"4,480.46","4,441.34","4,487.57","4,387.43",49.42,4480.47,4411.974,4237.763,210.597,211.718,-2.243,77.6365244,82.64193688,67.62569944,74.582,23.951,36.154,0.324,2.212,7.611,66.667,66.667,65.32284677,108.1245,4388.376167
20150505,"4,298.71","4,479.85","4,488.87","4,282.24",57.29,4434.732,4420.137,4259.502,189.746,207.324,-35.155,53.6498077,72.97789382,14.99363545,64.443,71.304,94.324,-3.404,-2.127,2.719,58.333,65.278,3.594337691,114.8465,4377.191958
20150506,"4,229.27","4,311.64","4,376.35","4,187.37",48.17,4385.344,4413.702,4272.8965,165.708,199.001,-66.585,39.39405565,61.78328109,-5.384395243,61.13,89.117,89.117,-3.891,-3.602,0.578,50,61.111,-73.99645264,119.4085,4349.210375
20150507,"4,112.21","4,197.90","4,213.76","4,108.01",39.46,4312.462,4385.074,4278.7665,135.649,186.33,-101.363,26.564181,50.04358106,-20.39461912,56.06,99.096,98.948,-5.245,-6.083,-2.498,50,58.333,-165.3592493,120.643,4302.638917
20150508,"4,205.92","4,152.98","4,206.86","4,099.04",39.74,4265.314,4364.215,4291.186,118.027,172.67,-109.285,25.23594955,41.77437056,-7.840892472,58.907,77.421,73.823,-2.067,-3.782,-0.649,50,55.556,-126.2791086,120.2155,4284.905042
20150511,"4,333.58","4,231.27","4,334.88","4,187.82",48.88,4235.938,4358.204,4306.1495,113.06,160.748,-95.376,33.34028621,38.96300911,22.09484042,62.372,50.451,39.835,1.33,-0.739,1.896,50,54.167,-50.44007622,122.017,4291.482792
20150512,"4,401.22","4,342.37","4,402.31","4,317.98",52.19,4256.44,4345.586,4320.125,113.276,151.253,-75.955,46.89662644,41.60754822,57.47478287,64.049,36.161,22.484,3.231,0.836,3.042,50,51.389,6.829437164,121.5455,4315.482292
20150513,"4,375.76","4,402.38","4,415.63","4,342.48",51.05,4285.738,4335.541,4332.1345,110.123,143.027,-65.809,53.85564956,45.69024867,70.18645135,62.947,32.226,12.594,2.325,0.287,2.067,50,50,9.262027349,121.3485,4335.474875
20150514,"4,378.31","4,372.82","4,397.74","4,329.04",44.91,4338.958,4325.71,4346.842,106.601,135.742,-58.282,59.78340622,50.38796785,78.57428295,63.014,31.602,11.788,1.794,0.632,1.71,50,50,4.045578819,119.4595,4345.983208
20150515,"4,308.69","4,366.82","4,366.82","4,278.55",43.97,4359.512,4312.413,4352.5355,97.073,128.008,-61.87,57.78222173,52.85271914,67.6412269,59.95,46.22,33.779,-0.582,-0.65,-0.172,50,50,-31.15810511,116.244,4344.392417
20150518,"4,283.49","4,277.89","4,324.83","4,260.51",38.01,4349.494,4292.716,4352.345,86.492,119.705,-66.426,57.94197243,54.54913691,64.72764348,58.869,52.685,58.004,-1.457,-0.863,-0.911,41.667,48.611,-42.94307103,113.34,4335.864167
20150519,"4,417.55","4,285.78","4,418.40","4,285.78",43.67,4352.76,4304.6,4362.3685,87.91,113.346,-50.872,71.87259585,60.32362322,94.97054111,62.612,0.266,0.538,1.301,2.287,1.913,50,48.611,33.18162522,111.8195,4344.6365
20150520,"4,446.29","4,434.98","4,520.54","4,432.28",51.41,4366.866,4326.302,4370.002,90.312,108.739,-36.854,75.37651111,65.34125252,95.4470283,63.358,17.616,28.554,1.784,3.021,2.221,50,48.611,111.8418625,111.679,4359.177583
20150521,"4,529.42","4,456.43","4,530.48","4,438.26",46.5,4397.088,4368.023,4376.5485,97.796,106.551,-17.508,83.48122589,71.38791031,107.6678571,65.439,0.246,0.393,3.083,4.481,3.799,58.333,50,134.1595976,110.9615,4392.517333
20150522,"4,657.60","4,584.98","4,658.27","4,562.99",65.56,4466.87,4413.191,4388.703,112.771,107.795,9.952,88.93133617,77.23571893,112.3225706,68.333,0.142,0.168,4.889,6.561,6.36,66.667,52.778,202.5786328,113.1255,4436.12075
20150525,"4,813.80","4,660.07","4,814.67","4,656.82",68.25,4572.932,4461.213,4409.7085,135.678,113.371,44.614,92.56855932,82.34666573,113.0123465,71.38,0.157,0.157,6.39,8.681,9.307,75,56.944,213.6836129,116.105,4507.660667
20150526,"4,910.90","4,854.85","4,911.68","4,779.08",70.49,4671.602,4512.181,4428.8835,159.825,122.662,74.326,95.00577809,86.56636985,111.8845946,73.061,0.12,0.125,6.084,9.422,10.864,75,62.5,187.4731443,115.9325,4585.073583
20150527,"4,941.71","4,932.85","4,958.16","4,857.06",68.12,4770.686,4568.776,4452.1585,179.38,134.006,90.749,95.88454677,89.67242882,108.3087827,73.575,2.358,3.128,4.772,8.879,10.993,75,66.667,160.4246971,114.013,4649.077542
20150528,"4,620.27","4,943.74","4,986.50","4,614.24",78.3,4788.856,4592.972,4459.341,167.015,140.608,52.815,80.44116504,86.59534089,68.13281333,60.92,50.446,66.801,-2.641,1.389,3.573,66.667,69.444,78.26907856,127.561,4646.558375
20150529,"4,611.74","4,603.47","4,698.19","4,431.56",61.13,4779.684,4623.277,4467.845,154.743,143.435,22.617,69.13339914,80.77469364,45.85081013,60.632,51.621,67.532,-3.101,0.767,3.172,66.667,70.833,15.00325816,137.578,4632.100625
20150601,"4,828.74","4,633.10","4,829.50","4,615.23",59.34,4782.672,4677.802,4485.259,160.676,146.883,27.586,69.94616657,77.16518462,55.50813048,65.032,22.514,28.428,0.854,4.65,7.724,66.667,70.833,69.36846118,143.459,4643.55475
20150602,"4,910.53","4,844.70","4,911.57","4,797.55",62.37,4782.598,4727.1,4515.85,170.017,151.51,37.015,75.40085496,76.57707473,73.04841542,66.504,13.69,13.69,2.218,5.278,9.108,75,70.833,95.1953433,138.8285,4691.959583
20150603,"4,909.98","4,924.38","4,942.06","4,822.44",61.15,4776.252,4773.469,4549.8855,175.355,156.279,38.152,79.00427728,77.38614225,82.24054735,66.485,13.789,13.789,2.21,4.101,8.66,75,70.833,88.2280146,135.3605,4738.335333
20150604,"4,947.10","4,912.95","4,947.96","4,647.41",67.5,4841.618,4815.237,4591.63,180.499,161.123,38.753,83.6362293,79.4695046,91.96967871,67.168,7.1,7.1,2.963,3.916,8.974,75,70.833,64.08642616,144.325,4769.891667
20150605,"5,023.10","5,016.09","5,051.63","4,898.07",77.22,4923.89,4851.787,4632.489,188.536,166.606,43.86,87.55712173,82.16537698,98.34061123,68.537,4.601,4.601,3.104,4.458,10.099,75,72.222,111.9571132,146.612,4818.288708
20150608,"5,131.88","5,045.69","5,146.95","4,997.48",85.5,4984.518,4883.595,4672.404,201.361,173.557,55.609,91.00256672,85.11110689,102.7854864,70.383,2.107,2.834,3.495,5.617,11.634,75,73.611,142.3658391,146.7325,4880.982875
20150609,"5,113.53","5,145.98","5,147.45","5,042.96",72.99,5025.118,4903.858,4708.0195,207.651,180.375,54.551,92.42232512,87.54817963,102.1706161,69.664,4.738,6.783,2.148,4.423,10.351,66.667,73.611,131.1609109,147.7405,4925.120708
20150610,"5,106.04","5,049.20","5,164.16","5,001.49",59.7,5064.33,4920.291,4744.5335,209.615,186.223,46.783,92.3037541,89.13337112,98.64452006,69.362,7.933,11.247,1.338,3.754,9.213,58.333,70.833,117.3243304,152.2165,4955.395458
20150611,"5,121.59","5,101.44","5,122.46","5,050.76",56.4,5099.228,4970.423,4781.6975,210.005,190.98,38.051,92.28414034,90.18362753,96.48516597,69.647,5.811,8.238,0.94,3.7,8.659,58.333,68.056,103.8604504,152.3665,4977.035417
20150612,"5,166.35","5,143.34","5,178.19","5,103.40",62.56,5127.878,5025.884,4824.5805,211.489,195.082,32.814,94.11253377,91.49326294,99.35107542,70.472,2.103,4.227,1.095,4.211,8.808,58.333,65.278,108.306652,151.118,5005.97325
20150615,"5,062.99","5,174.42","5,176.79","5,048.74",63.78,5114.1,5049.309,4863.5555,201.995,196.464,11.062,88.84038669,90.60897086,85.30321836,66.14,21.704,63.749,-1.057,1.372,6.015,58.333,62.5,70.28689352,154.3045,5023.014917
20150616,"4,887.43","5,004.41","5,029.68","4,842.10",55.08,5068.88,5046.999,4887.0495,178.251,192.822,-29.141,74.30033843,85.17276005,52.5554952,59.643,54.78,86.513,-3.721,-2.591,1.884,58.333,59.722,-11.7176801,158.6035,5004.933208
20150617,"4,967.90","4,890.55","4,983.66","4,767.22",53.71,5041.252,5052.791,4913.13,164.036,187.064,-46.058,65.81049726,78.71867245,39.99414686,61.454,39.619,51.169,-1.666,-1.216,3.034,58.333,58.333,-25.6057826,164.276,4991.747083
20150618,"4,785.36","4,942.52","4,966.77","4,780.87",50.74,4974.006,5036.617,4925.927,136.467,176.945,-80.955,45.34498067,67.59410852,0.846724953,55.553,95.586,95.586,-4.266,-4.648,-1.159,50,56.944,-77.65052077,169.0165,4955.841125
20150619,"4,478.36","4,689.93","4,744.08","4,476.50",45.27,4836.408,4982.143,4916.965,88.823,159.321,-140.995,30.31834522,55.16885409,-19.38267252,47.541,99.735,99.735,-8.444,-10.121,-7.655,50,55.556,-208.6504391,178.017,4883.718125
20150623,"4,576.49","4,471.61","4,577.94","4,264.77",47.35,4739.108,4926.604,4905.0995,58.311,139.119,-161.616,31.58779305,47.30850041,0.146378328,49.949,65.873,65.821,-4.519,-7.578,-5.76,50,54.167,-197.9876896,185.783,4815.835708
20150624,"4,690.15","4,604.58","4,691.77","4,552.13",54.3,4699.652,4884.266,4894.062,42.807,119.856,-154.098,36.5818732,43.73295801,22.27970359,52.579,53.43,44.388,-0.862,-4.749,-3.621,50,52.778,-104.3401846,186.135,4782.670708
20150625,"4,527.78","4,711.76","4,720.70","4,483.55",57.28,4611.628,4826.44,4873.3655,17.22,99.329,-164.217,33.98590982,40.48394194,20.98984557,48.759,71.206,63.414,-3.066,-7.097,-6.957,41.667,50,-108.1836519,192.9375,4754.044083
20150626,"4,192.87","4,399.93","4,456.90","4,139.53",56.52,4493.13,4733.568,4851.9955,-29.739,73.516,-206.509,24.37140467,35.11309619,2.888021647,42.166,94.865,93.552,-7.683,-12.593,-13.495,41.667,47.222,-159.7817609,193.737,4665.259917
20150629,"4,053.03","4,289.77","4,297.47","3,875.05",67.38,4408.064,4622.236,4824.06,-77.347,43.343,-241.38,21.38575704,30.53731647,3.08263818,39.82,86.328,79.52,-8.298,-13.934,-15.829,41.667,45.833,-160.0463757,201.5265,4552.73125
20150630,"4,277.22","4,006.75","4,279.97","3,847.88",70.92,4348.21,4543.659,4796.484,-95.881,15.498,-222.759,26.85761628,29.31074974,21.95134936,44.944,63.671,50.81,-2.486,-7.795,-10.684,41.667,44.444,-121.2685259,212.243,4498.985375
20150701,"4,053.70","4,214.15","4,317.05","4,043.37",59.88,4220.92,4460.286,4753.6425,-127.14,-13.029,-228.221,24.03674968,27.55274972,17.00474961,41.287,81.879,76.419,-5.709,-10.831,-14.692,33.333,41.667,-104.6377924,220.226,4431.714375
20150702,"3,912.77","4,058.62","4,080.39","3,795.25",58.6,4097.918,4354.773,4703.782,-161.424,-42.708,-237.432,20.15309325,25.08619757,10.28688462,39.189,89.969,87.301,-6.159,-12.078,-17.144,33.333,38.889,-126.5044536,228.502,4351.207167
20150703,"3,686.92","3,793.71","3,927.13","3,629.56",54.82,3996.728,4244.929,4640.773,-204.462,-75.059,-258.806,15.18769126,21.78669546,1.989682863,36.119,94.853,93.067,-8.5,-15.247,-21.284,33.333,37.5,-135.7138333,228.353,4226.216792
20150706,"3,775.91","3,975.21","3,975.21","3,653.04",83.11,3941.304,4174.684,4578.4135,-228.752,-105.798,-245.909,14.59598673,19.38979255,5.008375091,38.112,86.587,78.712,-4.647,-11.173,-18.622,33.333,36.111,-107.4341072,236.7835,4145.271292
20150707,"3,727.12","3,654.78","3,750.57","3,585.40",69.88,3831.284,4089.747,4508.1755,-249.068,-134.452,-229.232,13.89167253,17.55708588,6.560845835,37.444,87.517,80.63,-4.57,-10.464,-18.811,33.333,34.722,-113.9399268,238.8355,4076.614708
20150708,"3,507.19","3,467.40","3,599.25","3,421.53",68.04,3721.982,3971.451,4427.8585,-279.691,-163.5,-232.382,12.01890531,15.71102569,4.634664555,34.591,93.407,90.435,-7.15,-14.077,-22.616,33.333,33.333,-131.7536318,248.8905,3989.240667
20150709,"3,709.33","3,432.45","3,748.48","3,373.54",65.69,3681.294,3889.606,4358.023,-284.371,-187.674,-193.394,19.87575285,17.09926808,25.42872239,39.045,69.005,52.495,-0.283,-7.486,-17.214,33.333,33.333,-99.37431294,259.504,3933.818875
20150710,"3,877.80","3,707.46","3,959.22","3,677.43",58.64,3719.47,3858.099,4295.8335,-271.357,-204.41,-133.893,31.06554007,21.75469207,49.68723606,42.454,46.555,16.19,4.409,-1.624,-12.522,33.333,33.333,-42.98782853,270.0085,3912.447125
20150713,"3,970.39","3,918.99","4,030.19","3,858.64",64.35,3758.366,3849.835,4236.0355,-250.683,-213.665,-74.036,41.79651706,28.4353004,68.51895037,44.242,36.742,9.107,5.559,1.926,-9.445,41.667,34.722,-10.11194027,274.8465,3936.296583
20150714,"3,924.49","3,958.37","4,035.43","3,855.56",67.06,3797.84,3814.562,4179.1105,-235.29,-217.99,-34.6,53.84581178,36.90547086,87.72649361,43.542,41.606,16.761,3.656,1.33,-9.469,41.667,36.111,-1.47701238,277.4375,3940.594917
20150715,"3,805.70","3,874.97","3,914.27","3,741.25",60.13,3857.542,3789.762,4125.024,-230.025,-220.397,-19.256,57.66114647,43.8240294,85.33538062,41.758,38.861,34.708,0.172,-1.212,-11.098,41.667,37.5,-26.53243786,275.555,3919.186417
20150716,"3,823.18","3,758.50","3,877.51","3,688.44",49.23,3880.312,3780.803,4067.788,-221.884,-220.694,-2.379,61.08501034,49.57768971,84.09965159,42.122,32.067,32.067,-0.743,0.226,-9.547,41.667,38.889,-26.79539143,274.1865,3896.317
20150717,"3,957.35","3,831.42","3,994.48","3,814.15",48.17,3896.222,3807.846,4026.3875,-202.274,-217.01,29.473,70.12449953,56.42662632,97.52024596,44.882,11.797,21.81,1.649,3.963,-5.243,50,41.667,38.01792488,273.8515,3897.032083
20150720,"3,992.11","3,948.42","4,021.33","3,927.12",53.91,3900.566,3829.466,4002.075,-181.832,-209.975,56.285,77.9013683,63.58487364,106.5343576,45.583,6.545,12.485,2.042,4.694,-3.378,58.333,45.833,79.17417484,263.119,3912.903958
20150721,"4,017.67","3,939.90","4,041.82","3,912.80",50.43,3919.202,3858.521,3974.134,-161.705,-200.321,77.231,84.06299396,70.41091375,111.3671544,46.109,3.614,6.834,2.489,4.608,-1.899,66.667,50,99.03361445,253.9115,3930.986833
20150722,"4,026.05","3,996.43","4,042.34","3,960.86",52.07,3963.272,3910.407,3940.929,-143.425,-188.942,91.033,87.88729116,76.23637289,111.1891277,46.287,2.436,4.603,2.262,4.26,-0.743,66.667,54.167,101.6971085,251.0035,3937.8535
20150723,"4,123.92","4,022.27","4,132.61","4,019.04",56.36,4023.42,3951.866,3920.736,-119.661,-175.086,110.849,91.27270807,81.24848461,111.321155,48.362,1.909,1.956,3.355,5.888,2.365,75,59.722,122.044956,244.8245,3965.31525
20150724,"4,070.91","4,124.75","4,184.45","4,044.83",62.74,4046.132,3971.177,3914.638,-103.908,-160.85,113.884,86.55158287,83.01618403,93.62238055,47.329,22.891,30.662,0.982,3.281,1.477,75,65.278,106.4618978,232.393,3990.293667
20150727,"3,725.56","3,985.57","4,051.16","3,720.44",55.6,3992.822,3946.694,3898.2645,-117.931,-152.266,68.671,60.19562861,75.40933223,29.76822138,41.326,92.516,98.897,-6.691,-5.513,-6.304,66.667,68.056,-27.27163582,228.7955,3951.839667
20150728,"3,663.00","3,573.14","3,762.53","3,537.36",56.33,3921.888,3920.545,3867.5535,-132.564,-148.326,31.524,46.60247087,65.80704511,8.193322406,40.358,80.584,80.584,-6.98,-6.676,-6.875,58.333,68.056,-137.0755323,218.4495,3887.564
20150729,"3,789.17","3,689.82","3,792.07","3,612.06",43.44,3874.512,3918.892,3854.327,-132.453,-145.151,25.396,44.03971923,58.55126982,15.01661807,43.159,61.086,61.086,-2.836,-3.088,-2.908,58.333,66.667,-107.3495868,213.766,3847.482792
20150730,"3,705.77","3,773.79","3,844.37","3,685.96",45.79,3790.882,3907.151,3843.977,-137.51,-143.623,12.226,38.0350615,51.71253371,10.68011708,41.805,73.974,73.974,-3.656,-4.778,-4.548,58.333,65.278,-88.17976853,207.4295,3825.344458
20150731,"3,663.73","3,655.67","3,729.51","3,620.17",35.1,3709.446,3877.789,3842.8175,-143.258,-143.55,0.584,31.86636372,45.09714371,5.404803723,41.126,80.471,80.471,-2.811,-5.571,-5.235,58.333,62.5,-108.0510253,198.018,3802.983125
20150803,"3,622.91","3,614.99","3,648.94","3,549.50",36.4,3688.916,3840.869,3835.1675,-149.386,-144.717,-9.337,25.65115136,38.61514626,-0.276838451,40.461,86.779,83.35,-1.952,-6.219,-5.625,50,58.333,-118.42321,187.621,3764.376667
20150804,"3,756.54","3,621.85","3,757.03","3,601.29",36.29,3707.624,3814.756,3836.6385,-141.824,-144.138,4.629,28.39131448,35.20720233,14.75953878,43.58,66.128,28.608,1.523,-2.337,-1.828,50,55.556,-64.22150078,185.8825,3766.082542
20150805,"3,694.57","3,745.65","3,782.35","3,676.39",36.64,3688.704,3781.608,3846.0075,-139.227,-143.156,7.859,27.02584977,32.48008481,16.11737968,42.502,75.705,50.802,-0.294,-3.325,-3.217,41.667,52.778,-54.01932105,175.901,3766.111458
20150806,"3,661.54","3,625.50","3,710.57","3,614.74",27.41,3679.858,3735.37,3843.618,-138.24,-142.173,7.865,26.07354562,30.34457175,17.53149337,41.926,80.809,62.004,-0.614,-3.44,-4.056,33.333,48.611,-68.93752964,161.9455,3755.995958
20150807,"3,744.20","3,692.61","3,756.74","3,686.30",34.08,3695.952,3702.699,3836.938,-129.298,-139.598,20.6,39.83982984,33.50965778,52.50017397,43.912,59.743,16.384,1.453,-0.644,-1.856,33.333,44.444,-34.42819162,152.616,3749.027
20150810,"3,928.42","3,786.03","3,943.62","3,775.85",49.73,3757.054,3722.985,3834.8395,-106.123,-132.903,53.56,58.60765543,41.875657,92.0716523,48.045,3.741,3.857,5.187,4.697,2.747,33.333,40.278,43.2403419,154.0095,3774.945708
20150811,"3,927.91","3,928.81","3,970.34","3,891.18",53.89,3791.328,3749.476,3835.0105,-86.797,-123.682,73.77,69.04436478,50.93189293,105.2693085,48.035,10.082,11.497,3.761,5.017,2.265,33.333,37.5,73.57876539,148.974,3806.915125
20150812,"3,886.32","3,881.23","3,937.77","3,871.14",44.27,3829.678,3759.191,3839.0415,-73.984,-113.742,79.516,72.70796577,58.19058388,101.7427296,47.181,19.965,23.628,2.079,3.534,0.988,33.333,34.722,74.81825568,143.1435,3828.522875
20150813,"3,954.56","3,869.91","3,955.79","3,838.16",43.01,3888.282,3784.07,3845.6105,-57.659,-102.526,89.733,80.55542933,65.64553236,110.3752233,48.742,3.75,4.438,2.703,4.674,2.676,41.667,34.722,110.9276823,139.5715,3849.250542
20150814,"3,965.33","3,976.41","4,000.68","3,939.84",46.8,3932.508,3814.23,3846.0095,-43.352,-90.691,94.677,84.08662029,71.79256167,108.6747375,48.99,7.835,11.244,1.646,4.553,2.961,41.667,36.111,124.8924918,133.597,3868.796542
20150817,"3,993.67","3,947.84","3,994.54","3,907.40",46.04,3945.558,3851.306,3846.0875,-29.389,-78.43,98.084,88.78563203,77.45691846,111.4430592,49.66,1.755,3.118,1.293,4.638,3.619,50,38.889,100.4309239,133.2435,3894.154375
20150818,"3,748.16","3,999.13","4,006.34","3,743.39",54.38,3909.608,3850.468,3832.612,-37.698,-70.284,65.171,70.54724804,75.15369499,61.33435416,44.392,65.93,98.186,-4.204,-1.975,-2.69,50,41.667,18.23942088,139.94,3867.833625
20150819,"3,794.11","3,646.80","3,811.43","3,558.38",47.54,3891.166,3860.422,3821.015,-40.114,-64.25,48.273,64.57249938,71.62662978,50.46423858,45.521,47.377,47.377,-2.474,-1.142,-1.466,58.333,45.833,-46.79102656,148.5185,3848.657708
20150820,"3,664.29","3,754.57","3,788.01","3,663.61",39.01,3833.112,3860.697,3798.0335,-51.905,-61.781,19.752,50.92924491,64.72750149,23.33273174,42.951,76.357,76.357,-4.906,-4.333,-4.535,50,48.611,-58.96249778,149.365,3804.290875
20150821,"3,507.74","3,609.96","3,652.84","3,490.54",36.99,3741.594,3837.051,3769.875,-73.04,-64.033,-18.014,35.06437188,54.83979162,-4.486467604,40.103,96.665,96.665,-7.175,-8.046,-8.13,50,50,-144.7542575,151.0715,3754.706458
20150824,"3,209.91","3,373.48","3,388.36","3,191.88",33.47,3584.842,3765.2,3744.0925,-112.525,-73.731,-77.587,24.11416016,44.59791447,-16.85334846,35.437,97.786,97.786,-12.129,-15.015,-15.183,50,51.389,-230.1274263,149.341,3658.692708
20150825,"2,964.97","3,004.13","3,123.03","2,947.94",35.23,3428.204,3668.906,3709.191,-161.717,-91.328,-140.778,16.61245094,35.26942662,-20.70150043,32.22,98.391,98.391,-14.837,-20.127,-20.729,41.667,50,-236.4423085,151.181,3532.594208
20150826,"2,927.29","2,980.79","3,092.04","2,850.71",46.67,3254.84,3573.003,3666.097,-201.421,-113.347,-176.149,13.28386345,27.94090557,-16.03022078,31.757,93.373,92.029,-12.48,-19.329,-20.679,33.333,47.222,-175.8560799,154.247,3418.390083
20150827,"3,083.59","2,978.03","3,085.42","2,906.49",40.03,3138.7,3485.906,3634.988,-217.764,-134.23,-167.068,15.57316853,23.81832655,-0.917147523,35.751,79.848,75.154,-4.423,-13.342,-15.502,41.667,44.444,-121.318248,155.273,3352.891167
20150828,"3,232.35","3,125.26","3,235.84","3,102.95",44.31,3083.622,3412.608,3613.419,-216.22,-150.628,-131.184,21.39024933,23.00896748,18.15281303,39.281,66.976,52.422,2.474,-7.748,-10.924,50,44.444,-73.10654785,157.4185,3338.158708
20150831,"3,205.99","3,203.56","3,207.86","3,109.16",39.74,3082.838,3333.84,3592.573,-214.65,-163.433,-102.434,26.58703218,24.20165571,31.35778512,38.886,69.257,33.92,3.285,-6.842,-11.184,41.667,43.056,-64.34295985,157.8665,3328.004083
20150901,"3,166.62","3,157.83","3,180.33","3,053.74",43.24,3123.168,3275.686,3563.077,-214.113,-173.569,-81.089,28.95944042,25.78758395,35.30315337,38.286,67.117,17.973,2.255,-6.171,-11.64,33.333,40.278,-61.78767846,157.692,3309.105708
20150902,"3,160.17","3,027.68","3,194.48","3,019.09",43.82,3169.744,3212.292,3536.357,-211.768,-181.209,-61.118,32.16622073,27.91379621,40.67106976,38.185,66.984,19.648,0.985,-4.395,-11.257,25,37.5,-55.41911723,161.1635,3287.179458
20150907,"3,080.42","3,149.38","3,217.58","3,066.30",29.65,3169.11,3153.905,3507.301,-213.878,-187.743,-52.272,35.68575414,30.50444885,46.04836473,36.932,71.362,47.19,-2.359,-5.212,-12.902,25,36.111,-49.56131841,163.936,3261.920458
20150908,"3,170.45","3,054.44","3,174.71","3,011.12",25.54,3156.73,3120.176,3478.6135,-205.913,-191.377,-29.073,51.46427526,37.49105765,79.41071046,39.28,40.53,29.098,0.035,-0.856,-9.876,25,33.333,-44.80373464,167.3555,3245.694
20150909,"3,243.09","3,182.55","3,256.74","3,165.70",37.53,3164.15,3123.494,3444.347,-191.531,-191.407,-0.247,66.52224332,47.16811954,105.2304909,41.125,3.362,5.557,2.269,2.541,-7.247,33.333,30.556,-5.502430728,161.9365,3235.709875
20150910,"3,197.89","3,190.55","3,243.28","3,178.90",27.33,3170.404,3146.786,3407.846,-181.686,-189.463,15.554,72.08073418,55.47232442,105.2975537,40.329,14.494,23.96,0.887,1.944,-7.995,33.333,29.167,3.142602915,161.1975,3229.581083
20150911,"3,200.23","3,189.48","3,223.76","3,163.45",22.46,3178.416,3174.08,3373.5415,-171.715,-185.914,28.396,73.71812809,61.55425898,98.0458663,40.392,16.134,23.007,0.783,2.045,-7.416,41.667,30.556,22.70634483,160.8815,3224.685375
20150914,"3,114.80","3,221.17","3,229.48","3,049.23",34.66,3185.292,3177.201,3331.5535,-168.762,-182.483,27.443,63.21593415,62.1081507,65.43150106,38.846,57.788,57.788,-1.673,-1.073,-9.199,41.667,33.333,-2.928012094,164.0125,3204.728583
20150915,"3,005.17","3,043.80","3,081.70","2,983.92",24.92,3152.236,3154.483,3283.5455,-173.27,-180.641,14.741,44.74029557,56.31886566,21.58315539,36.953,92.211,92.211,-4.757,-4.751,-11.401,41.667,36.111,-96.71335768,167.5145,3175.153667
20150916,"3,152.26","2,998.04","3,182.93","2,983.54",27.75,3134.07,3149.11,3241.475,-163.094,-177.131,28.075,50.41251525,54.35008219,42.53738137,40.98,38.243,38.243,0.001,-0.27,-6.17,41.667,38.889,-20.77459754,173.127,3161.31125
20150917,"3,086.06","3,131.98","3,204.70","3,085.31",31.76,3111.704,3141.054,3208.37,-158.543,-173.414,29.741,46.11688425,51.60568288,35.139287,39.787,62.474,60.53,-1.28,-1.986,-7.22,33.333,38.889,-15.43396244,165.949,3141.049375
20150918,"3,097.92","3,100.28","3,122.05","3,070.34",20.92,3091.242,3134.829,3173.5605,-152.225,-169.176,33.902,44.70017759,49.30384778,35.49283721,40.113,58.133,53.493,-0.369,-1.327,-5.853,41.667,40.278,-71.9425345,155.882,3133.659292
20150921,"3,156.54","3,072.09","3,159.88","3,060.86",23.99,3099.59,3142.441,3148.173,-140.864,-163.514,45.299,50.90797589,49.83855715,53.04681336,41.74,36.676,29.658,1.754,0.567,-3.079,50,41.667,-19.05499811,154.308,3125.638667
20150922,"3,185.62","3,161.32","3,213.48","3,152.48",27.48,3135.68,3143.958,3132.067,-128.038,-156.419,56.761,59.87227652,53.18313028,73.25056902,42.548,26.032,12.116,2.302,1.425,-1.164,58.333,44.444,84.13234301,148.6705,3133.389875
20150923,"3,115.89","3,137.72","3,164.04","3,104.74",23.63,3128.406,3131.238,3127.366,-122.092,-149.553,54.922,57.85283047,54.73969701,64.0790974,41.121,49.045,42.442,-0.526,-0.889,-2.531,58.333,47.222,-14.60180149,136.9215,3139.064417
20150924,"3,142.69","3,126.49","3,151.16","3,109.69",21.29,3139.732,3125.718,3136.252,-113.905,-142.424,57.037,60.13885535,56.53941645,67.33773313,41.902,35.289,46.383,0.38,0.037,-0.851,58.333,50,-4.730741813,125.8965,3139.154667
20150925,"3,092.35","3,130.85","3,149.95","3,063.00",23.63,3138.618,3114.93,3144.505,-110.208,-135.98,51.545,55.86625032,56.31502774,54.96869548,40.84,55.758,79.367,-1.261,-1.17,-1.7,50,52.778,-59.77288422,118.1775,3130.567083
20150928,"3,100.76","3,085.57","3,103.07","3,042.31",15.67,3127.462,3113.526,3145.3635,-105.384,-129.861,48.954,54.23700559,55.62235369,51.46630939,41.1,49.021,65.853,-1.007,-0.644,-0.899,58.333,55.556,-86.00070106,112.269,3127.615667
20150929,"3,038.14","3,055.22","3,068.30","3,021.16",16.32,3097.966,3116.823,3135.653,-105.4,-124.969,39.138,39.10101538,50.11524092,17.07256429,39.741,76.255,91.171,-2.391,-2.227,-2.677,50,55.556,-134.9767428,108.6365,3108.165333
20150930,"3,052.78","3,052.84","3,073.30","3,039.74",14.66,3085.344,3106.875,3127.9925,-103.043,-120.584,35.082,31.54779283,43.92609156,6.791195388,40.224,83.559,77.87,-1.218,-1.592,-2.323,58.333,55.556,-97.98631728,104.235,3096.125625
20151008,"3,143.36","3,156.07","3,172.28","3,133.13",23.43,3085.478,3112.605,3126.8295,-92.796,-115.026,44.46,42.2118397,43.35467427,39.92617057,43.16,36.46,19.137,1.562,0.953,0.286,66.667,56.944,86.11525645,102.5975,3103.408417
20151009,"3,183.15","3,146.64","3,192.72","3,137.79",23.49,3103.638,3121.128,3127.9785,-80.537,-108.128,55.183,56.21769624,47.64234826,73.3683922,44.411,15.771,5.578,2.624,2.146,1.422,66.667,58.333,113.702794,96.5745,3118.109208
20151012,"3,287.66","3,193.54","3,318.71","3,188.41",38.63,3141.018,3134.24,3138.3405,-61.677,-98.838,74.323,67.3333905,54.20602901,93.58811349,47.575,10.435,10.435,4.893,4.934,4.675,75,62.5,235.6163885,95.7885,3152.610958
20151013,"3,293.23","3,262.16","3,298.63","3,253.25",29.72,3192.036,3145.001,3144.4795,-45.753,-88.221,84.936,75.36783811,61.25996538,103.5835836,47.74,8.563,8.563,4.006,4.569,4.731,75,65.278,186.6769323,89.878,3178.723417
20151014,"3,262.44","3,280.02","3,307.32","3,256.25",29.51,3233.968,3159.656,3145.447,-35.212,-77.619,84.814,77.27485628,66.59826235,98.62804415,46.887,18.911,20.171,1.831,3.302,3.62,66.667,68.056,136.7131828,87.8795,3197.124875
20151015,"3,338.07","3,255.03","3,338.30","3,254.39",31.63,3272.91,3179.194,3152.456,-20.519,-66.199,91.36,84.8257298,72.67408483,109.1290197,49.214,0.073,0.112,2.668,5.273,5.773,66.667,69.444,136.1552362,88.856,3218.141083
20151016,"3,391.35","3,358.30","3,393.02","3,334.85",39.55,3314.55,3209.094,3162.012,-4.524,-53.864,98.681,89.73412195,78.36076387,112.4808381,50.798,0.449,0.654,2.998,6.184,7.022,75,70.833,149.6470229,88.749,3244.778417
20151019,"3,386.70","3,401.63","3,423.40","3,355.57",37.81,3334.358,3237.688,3175.607,7.689,-41.554,98.485,89.96749418,82.22967397,105.4431346,50.654,9.124,15.618,1.807,5.368,6.572,66.667,70.833,125.6078547,83.128,3272.096958
20151020,"3,425.33","3,377.55","3,425.52","3,357.86",31.9,3360.778,3276.407,3196.615,20.252,-29.192,98.888,93.29000222,85.91645006,108.0371066,51.837,0.049,0.11,2.263,5.658,7.531,75,70.833,111.4216902,79.967,3297.293958
20151021,"3,320.68","3,428.56","3,447.26","3,265.44",45.85,3372.426,3303.197,3205.036,21.515,-19.051,81.132,81.89260561,84.57516857,76.52747968,48.547,40.295,65.63,-0.996,1.854,4.079,66.667,69.444,66.81016208,79.0885,3299.235458
20151022,"3,368.74","3,292.29","3,373.78","3,282.99",32.37,3378.56,3325.735,3219.17,26.094,-10.022,72.231,77.81701362,82.32245025,68.80614034,50.066,25.372,40.711,-0.091,2.462,5.353,75,70.833,58.37099204,77.6585,3312.588958
20151023,"3,412.43","3,377.55","3,422.02","3,360.22",34.74,3382.776,3348.663,3234.8955,32.869,-1.444,68.625,79.22711479,81.29067177,75.10000085,51.426,13.456,19.156,0.834,2.853,6.307,75,72.222,87.85339782,78.163,3326.036375
20151026,"3,429.58","3,448.65","3,457.52","3,402.00",36.56,3391.352,3362.855,3248.5475,39.17,6.679,64.983,81.56649708,81.38261354,81.93426417,51.962,13.678,14.546,1.15,2.632,6.256,75,72.222,102.2096229,75.988,3346.080208
20151027,"3,434.34","3,409.14","3,441.57","3,332.62",32.82,3393.154,3376.966,3260.9835,44.041,14.151,59.779,83.90719425,82.22414044,87.27330187,52.115,11.411,12.068,1.054,2.135,6.017,75,73.611,75.1238346,78.3855,3361.874
20151028,"3,375.20","3,417.01","3,439.76","3,367.23",29.35,3404.058,3388.242,3273.949,42.637,19.848,45.577,74.98574855,79.81134314,65.33455935,50.048,40.526,42.857,-0.441,0.159,3.806,66.667,72.222,60.96683473,77.968,3361.747875
20151029,"3,387.32","3,387.77","3,411.71","3,362.51",23.57,3407.774,3393.167,3286.1805,42.018,24.282,35.472,71.14140838,76.92136489,59.58149535,50.468,36.547,40.222,-0.41,0.285,3.794,66.667,72.222,44.01295168,78.3545,3366.020958
20151030,"3,382.56","3,380.28","3,417.20","3,346.59",24.36,3401.8,3392.288,3300.691,40.675,27.561,26.228,67.75247022,73.86506667,55.52727734,50.295,39.025,60.016,-0.617,-0.151,3.35,66.667,70.833,29.06827068,77.5375,3368.411917
20151102,"3,325.08","3,337.58","3,391.06","3,322.31",23.1,3380.9,3386.126,3311.907,34.573,28.963,11.22,55.51816771,67.74943368,31.05563577,48.209,68.95,97.951,-1.886,-1.817,1.413,58.333,68.056,-47.74988454,77.937,3363.129042
20151103,"3,316.70","3,330.32","3,346.27","3,302.18",19.29,3357.372,3375.263,3325.835,28.731,28.917,-0.372,43.45035547,59.64974094,11.05158452,47.907,73.313,89.583,-1.587,-1.884,0.9,50,63.889,-119.2612864,76.1615,3354.4675
20151104,"3,459.64","3,325.62","3,459.65","3,325.62",33.91,3374.26,3389.159,3346.178,35.228,30.179,10.098,62.29812017,60.53253402,65.82929248,53.137,0.006,0.006,2.526,2.161,4.828,58.333,61.111,91.48311307,81.551,3368.550333
20151105,"3,522.82","3,459.22","3,585.66","3,455.53",55.33,3401.36,3404.567,3365.151,44.957,33.135,23.645,67.47629723,62.84712176,76.73464817,55.211,22.167,22.167,3.642,3.777,6.165,58.333,59.722,268.8145401,82.0825,3397.953792
20151106,"3,590.03","3,514.44","3,596.38","3,508.83",42.92,3442.854,3422.327,3385.495,57.429,37.994,38.871,77.59806627,67.76410326,97.26599229,57.308,2.158,2.158,4.58,5.063,7.53,66.667,59.722,238.1945177,83.7135,3439.875
20151109,"3,646.88","3,588.50","3,673.76","3,588.50",50.3,3507.214,3444.057,3403.456,71.081,44.611,52.94,82.6540529,72.72741981,102.5073191,59.003,7.234,7.234,4.89,6.007,8.409,66.667,59.722,214.066869,81.1985,3476.7765
20151110,"3,640.49","3,617.40","3,669.53","3,607.89",42.97,3571.972,3464.672,3420.819,80.457,51.78,57.354,85.45148281,76.96877414,102.4169002,58.729,8.954,8.954,3.147,5.24,7.437,58.333,59.722,154.8517551,82.0115,3508.816417
20151111,"3,650.25","3,635.00","3,654.88","3,605.62",36.1,3610.094,3492.177,3440.2095,87.665,58.957,57.415,88.19197658,80.70984162,103.1562465,59.032,6.327,6.753,1.82,4.964,7.058,58.333,61.111,118.5743664,81.921,3537.177583
20151112,"3,632.90","3,656.82","3,659.31","3,603.23",36.17,3632.11,3516.735,3454.951,90.929,65.352,51.155,88.46255567,83.29407964,98.79950775,58.24,10.996,18.723,0.526,3.971,5.966,50,59.722,94.25908763,80.5295,3551.053792
20151113,"3,580.84","3,600.76","3,632.56","3,564.81",34.59,3630.272,3536.563,3464.4255,88.297,69.941,36.713,83.97279444,83.52031791,84.87774751,55.892,25.007,56.339,-1.179,1.981,4.077,50,58.333,60.36551373,81.0255,3555.15325
20151116,"3,606.96","3,522.46","3,607.61","3,519.42",27.62,3622.288,3564.751,3475.4385,87.312,73.415,27.795,82.91930192,83.31997924,82.11794728,56.804,17.977,43.281,-0.536,2.192,4.439,50,55.556,44.95377429,82.0435,3559.58025
20151117,"3,604.80","3,629.98","3,678.27","3,598.07",38.36,3615.15,3593.561,3484.412,85.374,75.807,19.134,77.61798602,81.41931484,70.01532839,56.703,20.834,46.251,-0.403,1.598,3.948,50,52.778,66.73999214,82.6705,3562.358625
20151118,"3,568.47","3,605.06","3,617.07","3,558.70",29.76,3598.794,3604.444,3496.8015,79.984,76.642,6.683,63.47809078,75.43890682,39.5564587,54.984,49.295,69.122,-1.078,0.002,2.616,50,51.389,32.42922503,76.498,3566.494958
20151119,"3,617.06","3,573.78","3,618.21","3,561.04",24.79,3595.626,3613.868,3509.2175,78.725,77.059,3.333,62.80765804,71.22849056,45.96599301,56.811,36.125,38.533,0.423,0.658,3.733,58.333,51.389,38.82198403,74.817,3575.315208
20151120,"3,630.50","3,620.79","3,640.53","3,607.92",31.08,3605.558,3617.915,3520.121,77.914,77.23,1.369,65.18097358,69.21265157,57.11761761,57.311,30.072,30.072,0.807,0.633,3.816,58.333,52.778,58.41907083,73.3575,3583.642333
20151123,"3,610.31","3,630.87","3,654.75","3,598.87",31.6,3606.228,3614.258,3529.1575,74.781,76.74,-3.919,62.52648265,66.98392859,53.61159076,56.289,42.782,42.782,0.11,-0.129,3.011,50,52.778,48.527326,73.3755,3592.43875
20151124,"3,616.11","3,602.89","3,616.48","3,563.10",24.88,3608.49,3611.82,3538.246,71.936,75.779,-7.687,61.97390313,65.31392011,55.29386918,56.522,39.131,51.986,0.228,-0.028,2.816,50,52.778,-13.06517509,70.597,3595.556292
20151125,"3,647.93","3,614.07","3,648.37","3,607.52",27.3,3624.382,3611.588,3551.8825,71.426,74.908,-6.966,68.28267553,66.30350525,72.2410161,57.805,19.1,7.1,0.909,0.849,3.378,50,52.778,66.90846663,69.013,3602.236875
20151126,"3,635.55","3,659.57","3,668.38","3,629.86",30.68,3628.08,3611.853,3564.294,69.224,73.772,-9.095,69.89068517,67.49923189,74.67359173,57.121,26.893,30.585,0.257,0.518,2.757,50,52.778,90.30172131,68.479,3610.135167
20151127,"3,436.30","3,616.54","3,621.90","3,412.43",35.43,3589.24,3597.399,3566.981,50.816,69.18,-36.729,49.5868185,61.52842743,25.70360065,47.645,91.021,90.674,-4.444,-4.52,-2.883,41.667,50,-267.9481699,76.1045,3583.833792
20151130,"3,445.40","3,433.86","3,470.37","3,327.81",30.42,3556.258,3581.243,3572.997,36.541,62.652,-52.224,44.56701564,55.8746235,21.95179993,48.055,66.447,65.473,-3.362,-3.85,-2.638,50,48.611,-274.2244839,79.795,3556.841542
20151201,"3,456.31","3,442.44","3,483.41","3,417.55",25.24,3524.298,3566.394,3579.9775,25.81,55.284,-58.948,42.28829808,51.34584836,24.17319753,48.56,62.269,62.269,-2.353,-3.265,-2.423,58.333,50,-155.4990574,80.8835,3534.638958
20151202,"3,536.91","3,450.28","3,538.85","3,427.66",30.15,3502.094,3563.238,3583.841,23.538,48.935,-50.793,48.6578886,50.44986177,45.07394224,52.145,38.603,38.603,0.298,-0.847,-0.323,58.333,51.389,-75.6934503,79.2955,3539.229625
20151203,"3,584.82","3,525.73","3,591.73","3,517.23",28.11,3491.948,3560.014,3586.941,25.312,44.21,-37.796,57.59347979,52.83106778,67.11830382,54.128,24.535,24.535,1.961,0.543,0.788,66.667,54.167,-2.371608749,76.514,3548.577125
20151204,"3,524.99","3,558.15","3,568.97","3,510.41",25.17,3509.686,3549.463,3583.689,21.641,39.696,-36.111,57.69467151,54.45226902,64.17947648,51.355,42.103,32.952,0.787,-1.035,-1.126,66.667,56.944,-31.63637029,75.857,3547.974958
20151207,"3,536.93","3,529.81","3,543.95","3,506.62",20.83,3527.992,3542.125,3578.1915,19.47,35.651,-32.362,58.93076171,55.94509992,64.9020853,51.868,38.597,20.764,0.646,-0.513,-1.046,66.667,61.111,-30.67680611,73.4605,3549.125792
20151208,"3,470.07","3,518.65","3,518.65","3,466.79",22.44,3530.744,3527.521,3569.6705,12.214,30.964,-37.5,53.2108906,55.03369681,49.56527817,48.855,58.229,69.847,-1.372,-2.025,-2.928,58.333,62.5,-68.36662267,73.8855,3535.118667
20151209,"3,472.44","3,462.58","3,495.70","3,454.88",19.57,3517.85,3509.972,3560.78,6.579,26.087,-39.016,51.866868,53.97808721,47.64442959,48.965,57.533,72.707,-1.38,-1.639,-2.805,66.667,63.889,-69.74523952,73.4635,3526.316667
20151210,"3,455.50","3,469.81","3,503.65","3,446.27",20.04,3491.986,3491.967,3551.91,0.737,21.017,-40.559,50.70527383,52.88714942,46.34152265,48.194,56.581,93.655,-1.481,-1.747,-3.127,58.333,63.889,-67.70713764,73.5285,3510.575208
20151211,"3,434.58","3,441.60","3,455.55","3,410.92",18.29,3473.904,3491.795,3544.597,-5.516,15.71,-42.453,38.16536903,47.97988929,18.53632851,47.236,59.545,85.03,-1.374,-1.845,-3.474,50,61.111,-94.03120795,72.3555,3495.084667
20151214,"3,520.67","3,403.51","3,521.78","3,399.28",21.54,3470.652,3499.322,3540.2825,-3.485,11.871,-30.713,46.46895391,47.47624416,44.4543734,51.386,36.924,16.092,1.119,0.891,-0.915,58.333,59.722,-34.34011625,74.071,3495.451875
20151215,"3,510.35","3,518.13","3,529.96","3,496.85",20.05,3478.708,3504.726,3535.56,-2.678,8.961,-23.278,50.21719989,48.38989607,53.87180754,50.886,42.286,15.006,0.951,0.418,-1.043,58.333,58.333,21.33865977,71.7165,3499.277292
20151216,"3,516.19","3,522.09","3,538.69","3,506.29",19.35,3487.458,3502.654,3532.946,-1.549,6.859,-16.816,56.44354077,51.0744443,67.1817337,51.166,39.252,16.139,0.896,0.415,-0.743,58.333,58.333,63.67619978,70.418,3508.821083
20151217,"3,580.00","3,533.63","3,583.41","3,533.63",28.39,3512.358,3502.172,3531.093,4.444,6.376,-3.865,70.34504304,57.49797722,96.03917468,54.156,1.852,1.852,2.202,1.938,1.06,58.333,56.944,126.1744794,70.9205,3520.360542
20151218,"3,578.96","3,574.94","3,614.70","3,568.16",27.37,3541.234,3507.569,3528.516,9.005,6.902,4.206,74.69974676,63.2319004,97.63543949,54.1,16.591,16.591,1.575,1.806,1.064,50,55.556,142.9504571,71.617,3531.454
20151221,"3,642.47","3,568.58","3,651.06","3,565.75",29.98,3565.594,3518.123,3530.124,17.543,9.03,17.025,81.9959283,69.48657636,107.0146322,56.953,3.412,3.412,2.371,3.472,2.811,50,55.556,164.8415948,73.0885,3552.242458
20151222,"3,651.77","3,645.99","3,652.63","3,616.87",26.12,3593.878,3536.293,3531.907,24.773,12.179,25.189,87.88413508,75.61909594,112.4142134,57.358,0.339,0.552,2.006,3.425,2.973,58.333,55.556,154.6445235,72.2075,3566.772792
20151223,"3,636.09","3,653.28","3,684.57","3,633.03",29.82,3617.858,3552.658,3531.315,28.905,15.524,26.763,86.25834507,79.16551231,100.4440106,56.424,16.993,27.193,0.977,2.741,2.508,50,54.167,139.8744731,72.742,3578.690625
20151224,"3,612.49","3,631.31","3,640.22","3,572.28",22.78,3624.356,3568.357,3530.162,29.931,18.405,23.051,82.41705695,80.24936053,86.75244979,55.017,25.266,47.754,-0.124,1.733,1.864,50,52.778,73.6249834,74.213,3582.883625
20151225,"3,627.91","3,614.05","3,635.26","3,601.74",19.85,3634.146,3587.69,3539.7425,31.623,21.049,21.148,78.21695408,79.57189171,75.50707882,55.769,19.86,47.686,0.082,1.796,2.278,50,51.389,74.95159431,64.733,3588.525625
20151228,"3,533.78","3,635.77","3,641.59","3,533.78",27,3612.408,3589.001,3544.1615,25.08,21.855,6.449,57.28449096,72.14275813,27.56795664,50.402,80.327,100,-2.312,-1.027,-0.279,50,51.389,17.09046612,62.9955,3580.852875
20151229,"3,563.74","3,528.40","3,564.17","3,515.52",18.26,3594.802,3594.34,3549.533,22.057,21.895,0.323,47.69769574,63.994404,15.10427922,51.938,67.775,71.476,-1.125,-0.488,0.666,58.333,52.778,-13.46309488,62.135,3577.543667
20151230,"3,572.88","3,566.73","3,573.68","3,538.11",18.79,3582.16,3600.009,3551.3315,20.167,21.55,-2.766,43.10872706,57.03251169,15.26115781,52.407,66.069,66.069,-0.509,-0.353,0.998,58.333,52.778,-5.782557692,58.354,3571.208083
20151231,"3,539.18","3,570.47","3,580.60","3,538.35",17.7,3567.498,3595.927,3549.0495,15.768,20.393,-9.251,33.40443778,49.15648705,1.900339237,50.51,86.004,81.233,-1.002,-1.359,-0.075,58.333,54.167,-35.49677116,56.7415,3567.650292
20160104,"3,296.26","3,536.59","3,538.69","3,295.74",18.44,3501.168,3567.657,3537.613,-7.237,14.867,-44.208,22.31420337,40.20905916,-13.47550822,39.699,99.866,99.85,-6.417,-7.658,-6.77,50,54.167,-268.2287516,65.193,3524.743042
20160105,"3,287.71","3,196.65","3,328.14","3,189.60",26.69,3451.954,3532.181,3525.152,-25.86,6.722,-65.163,21.48327002,33.96712944,-3.484448837,39.389,80.179,78.294,-5.133,-7.265,-6.827,41.667,52.778,-270.8181031,70.2535,3477.59925
20160106,"3,361.84","3,291.19","3,362.97","3,288.93",23.89,3411.574,3503.188,3519.7405,-34.242,-1.471,-65.543,27.02452593,31.65292827,17.76772125,43.384,65.202,55.949,-2.185,-4.688,-4.529,50,52.778,-147.9882292,70.5095,3449.780542
20160107,"3,125.00","3,309.66","3,309.66","3,115.89",7.06,3321.998,3452.079,3502.3685,-59.313,-13.039,-92.547,18.59399313,27.29994989,1.182079607,35.568,98.267,98.04,-7.099,-10.306,-10.769,41.667,50,-174.7274769,80.766,3402.104417
20160108,"3,186.41","3,194.63","3,235.45","3,056.88",28.64,3251.444,3409.471,3488.914,-73.38,-25.108,-96.545,19.78028279,24.79339419,9.754059982,38.563,77.847,75.267,-3.425,-7.514,-8.648,41.667,47.222,-139.5916243,86.8255,3364.501208
20160111,"3,016.70","3,131.85","3,166.22","3,016.70",27.16,3195.532,3348.35,3468.02,-97.104,-39.507,-115.194,13.18685519,20.92454786,-2.28853014,34.005,100,100,-6.09,-11.108,-12.972,41.667,44.444,-140.0448843,93.0795,3295.842083
20160112,"3,022.86","3,026.16","3,047.66","2,978.46",20.77,3142.562,3297.258,3443.1295,-114.092,-54.424,-119.337,11.24913695,17.69941089,-1.651410925,34.299,92.626,88.453,-4.544,-9.618,-12.323,50,44.444,-130.5275011,90.4145,3257.432167
20160113,"2,949.60","3,041.11","3,059.01","2,949.29",19.43,3060.114,3235.844,3415.092,-131.946,-69.928,-124.036,7.515792715,14.3048715,-6.06236485,32.502,99.951,99.925,-5.17,-10.292,-13.904,41.667,44.444,-119.4529245,94.245,3202.46925
20160114,"3,007.65","2,874.05","3,012.29","2,867.55",21.29,3036.644,3179.321,3389.665,-139.8,-83.903,-111.795,11.96883822,13.52619374,8.854127179,35.305,80.352,68.311,-1.433,-7.29,-11.729,50,44.444,-107.9353251,99.862,3169.639375
20160115,"2,900.97","2,988.05","3,001.71","2,883.87",19.87,2979.556,3115.5,3355.7135,-152.87,-97.696,-110.348,10.22782263,12.4267367,5.829994483,32.701,95.02,90.916,-3.751,-9.03,-14.301,41.667,44.444,-103.3598422,102.69,3127.851708
20160118,"2,913.84","2,847.54","2,945.45","2,844.70",16.47,2958.984,3077.258,3322.4575,-160.342,-110.225,-100.233,11.26539401,12.03962247,9.716937099,33.32,86.659,78.496,-1.845,-7.025,-13.273,41.667,44.444,-99.05198969,105.4005,3091.470625
20160119,"3,007.74","2,914.41","3,012.07","2,906.40",20.53,2955.96,3049.261,3290.721,-156.878,-119.556,-74.644,19.19872333,14.42598943,28.74419115,37.685,68.541,23.923,1.369,-2.653,-9.916,50,45.833,-66.97249258,106.4185,3072.099
20160120,"2,976.69","2,993.01","3,016.28","2,951.92",21.65,2961.378,3010.746,3256.967,-154.853,-126.615,-56.475,24.0586925,17.63689045,36.9022966,36.853,71.613,38.412,0.584,-2.82,-10.242,50,45.833,-56.58584037,107.8485,3061.389042
20160121,"2,880.48","2,934.39","2,998.79","2,880.08",19.17,2935.944,2986.294,3219.1865,-159.176,-133.127,-52.098,19.74859172,18.34079087,22.5641934,34.396,90.843,79.147,-2.287,-4.908,-12.373,50,47.222,-77.07681611,111.207,3037.799958
20160122,"2,916.56","2,911.11","2,931.36","2,851.73",15.98,2939.062,2959.309,3184.39,-157.872,-138.076,-39.591,24.34268331,20.34142169,32.34520656,36.064,77.65,58.119,-0.551,-2.523,-10.524,50,47.222,-82.25777282,111.7915,3008.430417
20160125,"2,938.51","2,934.08","2,955.78","2,911.83",15.3,2943.996,2951.49,3149.92,-153.299,-141.121,-24.357,30.81946856,23.83410398,44.79019772,37.079,56.227,45.326,-0.016,-1.276,-9.032,58.333,50,-57.26887583,112.313,2994.310208
20160126,"2,749.79","2,907.72","2,911.99","2,743.84",21.08,2892.406,2924.183,3110.7205,-163.025,-145.502,-35.046,21.27430141,22.98083645,17.86123132,32.455,98.112,97.816,-5.558,-6.473,-13.872,50,51.389,-161.5729036,116.656,2957.687833
20160127,"2,735.56","2,756.08","2,768.77","2,638.30",21.57,2844.18,2902.779,3069.3115,-169.922,-150.386,-39.072,22.760041,22.90723797,22.46564707,32.14,74.268,74.268,-4.56,-6.21,-13.299,50,51.389,-207.031177,120.747,2915.054333
20160128,"2,655.66","2,711.16","2,740.54","2,647.49",17.11,2799.216,2867.58,3023.4505,-179.762,-156.261,-47.003,16.70430587,20.83959394,8.433729732,30.408,95.407,95.184,-5.585,-7.984,-14.754,41.667,50,-191.6226073,123.621,2858.992
20160129,"2,737.60","2,652.85","2,755.37","2,649.79",18.67,2763.424,2851.243,2983.3715,-178.887,-160.786,-36.202,19.89328101,20.52415629,18.63153043,34.201,73.729,68.722,-1.841,-4.561,-11.065,50,50,-126.664278,126.7875,2837.586417
20160201,"2,688.85","2,730.98","2,735.26","2,655.62",15.64,2713.492,2828.744,2953.001,-180.052,-164.64,-30.825,17.72009516,19.58946925,13.98134699,33.082,86.626,84.078,-2.259,-5.384,-11.638,41.667,48.611,-111.4242406,118.7145,2809.971708
20160202,"2,749.57","2,687.98","2,755.16","2,687.98",15.81,2713.448,2802.927,2926.094,-174.069,-166.525,-15.087,22.10217039,20.4270363,25.45243858,35.812,70.562,59.345,1.106,-2.816,-8.624,50,47.222,-72.5446618,115.1465,2800.044125
20160203,"2,739.25","2,719.57","2,746.07","2,696.88",14.84,2714.186,2779.183,2894.9645,-168.221,-166.865,-2.713,25.33387312,22.06264857,31.87632221,35.555,71.996,22.626,0.791,-2.68,-7.904,41.667,45.833,-64.08077967,114.018,2788.322792
20160204,"2,781.02","2,751.43","2,793.30","2,751.31",17.04,2739.258,2769.237,2877.7655,-158.39,-165.17,13.559,31.87391969,25.33307228,44.95561453,37.453,55.046,8.422,2.044,-0.528,-5.496,41.667,44.444,-28.29054043,104.423,2788.874708
20160205,"2,763.49","2,783.08","2,790.06","2,762.16",14.12,2744.436,2753.93,2856.6195,-150.281,-162.192,23.821,36.49645726,29.0542006,51.38097057,36.976,60.568,20.772,0.736,-0.523,-5.378,41.667,44.444,-25.7160071,96.8895,2784.799458
20160215,"2,746.20","2,684.96","2,760.36","2,682.09",12.93,2755.906,2734.699,2843.0945,-143.595,-158.473,29.756,47.53527258,35.21455793,72.17670188,36.498,60.576,34.21,0.054,-0.746,-5.238,41.667,43.056,-49.35597461,92.474,2779.558208
20160216,"2,836.57","2,758.58","2,840.62","2,758.58",19.6,2773.306,2743.377,2833.78,-129.511,-152.68,46.339,64.32450403,44.9178733,103.1377655,40.682,2.002,2.555,2.427,2.768,-1.375,41.667,43.056,32.39115323,93.735,2786.347292
20160217,"2,867.34","2,829.76","2,868.70","2,824.36",21.69,2798.924,2756.555,2829.667,-114.546,-145.053,61.015,76.00924939,55.28166533,117.4644175,42.039,0.615,0.729,2.81,4.106,0.069,41.667,41.667,85.53512591,90.466,2797.397583
20160218,"2,862.89","2,881.78","2,893.21","2,857.70",21.92,2815.298,2777.278,2822.429,-101.87,-136.417,69.092,79.75233964,63.43855677,112.3799054,41.895,12.456,14.362,1.897,3.59,0.386,41.667,41.667,111.190295,85.0045,2812.820167
20160219,"2,860.02","2,854.90","2,872.72","2,840.49",16.34,2834.604,2789.52,2820.3815,-91.008,-127.335,72.654,81.26125409,69.37945587,105.0248505,41.798,13.969,15.721,1.32,3.1,0.515,41.667,41.667,112.8740937,80.427,2820.147042
20160222,"2,927.18","2,888.60","2,933.96","2,880.35",23.22,2870.8,2813.353,2821.0485,-76.103,-117.088,81.972,86.61021444,75.12304206,109.5845592,44.905,2.692,2.692,2.707,4.667,3.02,50,43.056,149.199376,79.0865,2837.777542
20160223,"2,903.33","2,925.71","2,928.05","2,872.28",19.97,2884.152,2828.729,2815.828,-65.46,-106.763,82.605,87.01979781,79.08862731,102.8821388,44.034,12.161,17.465,0.942,3.304,2.25,41.667,43.056,109.7760498,76.5915,2849.842208
20160224,"2,928.90","2,889.88","2,929.87","2,872.27",21.34,2896.464,2847.694,2813.4385,-54.336,-96.277,83.883,90.67687425,82.95137629,106.1278702,45.223,2.009,4.617,1.29,3.477,3.27,50,44.444,101.1318781,76.2535,2863.832958
20160225,"2,741.25","2,922.24","2,922.24","2,729.85",27.03,2872.136,2843.717,2806.477,-59.971,-89.016,58.091,68.28068532,78.06114597,48.71976402,38.895,76.512,94.415,-4.506,-3.129,-3.119,41.667,44.444,-13.19201518,80.2705,2841.171333
20160226,"2,767.21","2,760.06","2,784.75","2,715.87",19.11,2853.574,2844.089,2799.0095,-61.631,-83.539,43.816,53.36737023,69.82988739,20.44233592,40.105,66.205,76.459,-3.063,-2.292,-1.99,50,45.833,-65.72973367,79.733,2824.556958
20160229,"2,687.98","2,754.81","2,755.89","2,638.96",20.74,2805.734,2838.267,2786.483,-68.55,-80.541,23.983,41.11722987,60.25900155,2.833686518,37.726,83.383,83.383,-4.883,-4.829,-4.345,41.667,45.833,-126.8166897,83.948,2792.242
20160301,"2,733.17","2,688.38","2,747.56","2,668.76",18.72,2771.702,2827.927,2785.652,-69.584,-78.35,17.531,38.05668432,52.85822914,8.453594685,39.85,68.064,67.615,-2.165,-3.142,-2.384,50,45.833,-100.9141688,78.1545,2782.6455
20160302,"2,849.68","2,733.77","2,852.70","2,732.54",27.1,2755.858,2826.161,2791.358,-60.308,-74.741,28.867,49.18129237,51.63258355,44.27871002,44.904,28.569,27.565,2.334,0.679,1.823,58.333,48.611,-2.711108811,77.639,2790.864917
20160303,"2,859.76","2,847.33","2,878.45","2,840.87",28.75,2779.56,2825.848,2801.563,-51.548,-70.103,37.109,57.73668079,53.66728263,65.87547711,45.319,25.153,22.056,3.122,0.966,2.27,58.333,50,43.18102491,74.8655,2805.333458
20160304,"2,874.15","2,848.54","2,880.37","2,808.85",31.25,2800.948,2827.261,2808.3905,-42.95,-64.672,43.444,65.43989048,57.59148525,81.13670094,45.925,20.275,2.577,2.82,1.454,2.883,58.333,52.778,30.29138401,73.1625,2824.468042
20160307,"2,897.34","2,886.64","2,911.84","2,871.35",21.75,2842.82,2824.277,2818.815,-33.875,-58.513,49.277,73.2325428,62.8051711,94.08728621,46.915,11.182,5.314,2.851,2.169,3.486,66.667,55.556,68.21463035,71.088,2837.185625
20160308,"2,901.39","2,895.67","2,902.62","2,802.56",23.35,2876.464,2824.083,2826.406,-26.055,-52.021,51.933,79.70162554,68.43732258,102.2302315,47.092,9.79,4.299,1.711,2.188,3.375,75,61.111,37.61175028,72.732,2852.3065
20160309,"2,862.56","2,839.41","2,863.01","2,811.72",18.34,2879.04,2817.449,2832.5715,-22.729,-46.163,46.868,80.4480103,72.44088515,96.4622606,45.575,21.067,27.485,-0.403,1.012,1.679,66.667,63.889,13.39992939,74.581,2856.927042
20160310,"2,804.73","2,847.57","2,863.18","2,803.48",13.9,2868.034,2823.797,2833.757,-24.477,-41.826,34.697,73.88144496,72.92107176,75.80219137,43.404,39.252,98.014,-2.16,-0.741,-0.474,66.667,65.278,-9.735205047,74.8635,2845.578833
20160311,"2,810.31","2,781.60","2,815.61","2,772.55",12.72,2855.266,2828.107,2836.098,-25.123,-38.485,26.724,68.66491592,71.50235314,62.99004146,43.674,37.207,72.891,-1.683,-0.195,-0.454,66.667,66.667,-30.90043435,75.6215,2834.043042
20160314,"2,859.50","2,830.08","2,889.82","2,823.03",19.48,2847.698,2845.259,2841.763,-21.418,-35.072,27.306,69.37951078,70.79473902,66.54905429,46.044,21.532,37.576,0.124,1.198,1.124,75,69.444,49.24740411,75.527,2837.057417
20160315,"2,864.37","2,853.98","2,865.79","2,819.79",16.34,2840.294,2858.379,2843.153,-17.884,-31.634,27.501,68.22634818,69.93860874,64.80182705,46.277,26.475,29.407,0.487,1.081,1.11,75,70.833,48.63265363,73.106,2843.025333
20160316,"2,870.43","2,858.71","2,881.53","2,854.19",18.65,2841.868,2860.454,2843.3075,-14.427,-28.193,27.531,68.9077849,69.59500079,67.53335311,46.578,29.729,16.534,0.883,0.754,1.191,83.333,72.222,67.00222824,72.256,2850.585
20160317,"2,904.83","2,875.41","2,921.00","2,857.19",20.03,2861.888,2864.961,2845.4045,-8.81,-24.316,31.012,75.64100446,71.61033535,83.70234268,48.289,10.893,10.893,1.839,1.452,2.191,83.333,75,94.59634773,73.671,2860.22425
20160318,"2,955.15","2,915.52","2,971.55","2,908.74",31.33,2890.856,2873.061,2850.161,-0.295,-19.512,38.434,81.01360096,74.74475722,93.55128845,50.7,8.241,8.241,2.701,2.894,3.644,83.333,77.778,179.7429655,75.3955,2877.443167
20160321,"3,018.80","2,978.46","3,028.32","2,973.76",35.24,2922.716,2885.207,2854.742,11.457,-13.318,49.551,86.10170262,78.53040569,101.2442965,53.558,3.722,4.565,3.661,4.627,5.595,83.333,80.556,245.8386978,75.357,2902.953
20160322,"2,999.36","3,001.63","3,019.10","2,988.43",27.04,2949.714,2895.004,2859.5435,18.984,-6.858,51.683,86.96024417,81.34035185,98.20002883,52.587,11.323,13.888,2.176,3.579,4.714,75,80.556,170.833829,74.102,2920.466917
20160323,"3,009.96","2,991.17","3,012.56","2,980.86",21.7,2977.62,2909.744,2863.5965,25.51,-0.384,51.788,88.91405469,83.86491946,99.01232515,53.071,7.178,10.544,1.696,3.609,4.859,75,80.556,131.4568929,72.807,2934.460167
20160324,"2,960.97","2,986.80","2,998.15","2,960.54",23.7,2988.848,2925.368,2874.5825,26.424,4.977,42.893,81.84353274,83.19112389,79.14835045,50.579,26.332,39.356,-0.466,1.749,3.002,66.667,77.778,79.33784106,65.3255,2937.40125
20160325,"2,979.43","2,956.20","2,981.41","2,952.11",17.51,2993.704,2942.28,2885.1935,28.311,9.644,37.334,80.08066588,82.15430455,75.93338853,51.475,23.445,40.885,-0.263,2.042,3.565,75,76.389,65.11193057,63.3465,2943.936292
20160328,"2,957.82","2,988.01","3,008.17","2,948.53",20.2,2981.508,2952.112,2898.6855,27.744,13.264,28.959,73.22477976,79.17779629,61.3187467,50.36,33.808,88.357,-1.001,0.861,2.733,75,75,56.54991473,59.916,2946.264917
20160329,"2,919.83","2,956.71","2,962.20","2,905.25",18.3,2965.602,2957.658,2908.0185,23.952,15.402,17.101,61.01777035,73.12445431,36.80440243,48.435,62.304,87.194,-1.73,-0.744,1.427,66.667,72.222,8.728845549,58.8235,2943.32775
20160330,"3,000.64","2,941.22","3,001.11","2,941.22",21.04,2963.738,2970.679,2915.5665,27.155,17.752,18.806,66.51475852,70.92122238,57.70183081,52.468,16.175,11.108,0.983,1.597,3.844,66.667,70.833,57.695774,56.8795,2949.976
20160331,"3,003.92","3,009.37","3,023.41","2,992.92",22.04,2972.328,2980.588,2922.7745,29.617,20.125,18.983,71.06780061,70.97008179,71.26323825,52.625,19.826,16.495,1.127,1.309,3.604,66.667,69.444,82.55885045,56.525,2958.275292
20160401,"3,009.53","2,997.09","3,009.67","2,956.25",20.65,2978.348,2986.026,2929.5435,31.656,22.431,18.448,76.7962724,72.91214533,84.56452654,52.902,15.268,11.747,1.041,1.103,3.32,66.667,69.444,55.47908961,55.62,2972.363792
20160405,"3,053.07","3,000.94","3,057.33","2,993.15",25.67,2997.398,2989.453,2937.33,36.365,25.218,22.294,83.59712917,76.47380661,97.8437743,55.035,2.801,2.801,2.082,2.142,4.338,66.667,68.056,124.7727563,56.8045,2984.83625
20160406,"3,050.59","3,039.74","3,059.79","3,029.00",23.23,3023.55,2994.576,2944.79,39.443,28.063,22.76,87.08036902,80.00932741,101.2224522,54.887,5.953,5.953,1.474,1.788,3.955,58.333,65.278,140.5456039,53.341,2996.444167
20160407,"3,008.42","3,058.34","3,062.36","3,007.06",22.09,3025.106,2994.422,2952.083,38.041,30.059,15.964,79.94270162,79.98711881,79.85386722,52.392,34.333,44.527,-0.417,0.41,2.302,50,62.5,87.91216902,51.6225,3001.649917
20160408,"2,984.96","2,988.20","2,996.17","2,960.46",18.79,3021.314,2996.821,2961.0945,34.637,30.974,7.326,70.20685232,76.72702998,57.16649699,51.045,49.265,72.943,-1.108,-0.333,1.346,50,59.722,-39.84181369,51.0355,2997.273625
20160411,"3,033.96","3,006.91","3,048.98","3,006.91",22,3026.2,3002.274,2972.277,35.485,31.877,7.217,74.11239924,75.8554864,70.62622492,53.643,18.077,26.765,0.349,1.236,2.81,50,56.944,90.59028839,52.0835,3000.435083
20160412,"3,023.65","3,031.30","3,036.82","3,001.32",18.27,3020.316,3008.857,2980.4845,34.922,32.486,4.873,72.0900118,74.6003282,67.069379,53.025,24.639,37.988,-0.07,0.716,2.285,50,54.167,58.9798055,49.883,3005.650292
20160413,"3,066.64","3,041.36","3,097.16","3,041.36",31,3023.526,3023.538,2990.598,37.513,33.491,8.043,74.17360283,74.45808641,73.60463568,55.267,19.572,22.326,1.275,1.901,3.441,50,51.389,142.1922152,51.2585,3017.367625
20160414,"3,082.36","3,080.09","3,086.70","3,056.99",20.82,3038.314,3031.71,3001.1945,40.369,34.867,11.004,79.28134921,76.06584068,85.71236627,56.067,10.503,10.827,1.616,2.072,3.567,58.333,51.389,130.9125071,51.377,3027.968417
20160415,"3,078.12","3,085.03","3,089.95","3,066.87",18.96,3056.946,3039.13,3009.859,41.808,36.255,11.106,81.54479608,77.89215914,88.85006996,55.786,13.512,13.928,1.089,1.488,3.039,58.333,52.778,117.8050257,49.3405,3040.875583
20160418,"3,033.66","3,058.46","3,058.46","3,022.97",18.33,3056.886,3041.543,3013.7845,38.913,36.786,4.253,72.21250244,75.99894024,64.63962682,52.888,46.452,66.256,-0.636,-0.069,1.304,50,52.778,34.56576776,48.762,3041.825708
20160419,"3,042.82","3,047.13","3,054.50","3,024.90",15.65,3060.72,3040.518,3014.9855,36.932,36.815,0.232,68.2245749,73.40748513,57.85875444,53.408,39.751,56.699,-0.384,0.126,1.358,50,52.778,29.25057038,46.5835,3040.010542
20160420,"2,972.58","3,050.38","3,055.69","2,905.05",28.31,3041.908,3032.717,3013.6465,29.355,35.323,-11.936,57.20029526,68.00508851,35.59070877,49.071,64.848,64.848,-2.411,-2.086,-1.121,41.667,51.389,-138.6859191,52.582,3027.983083
20160421,"2,952.89","2,954.37","2,990.67","2,943.46",18.94,3016.014,3027.164,3010.793,21.514,32.562,-22.095,46.43433006,60.81483569,17.67331881,47.933,75.098,74.127,-2.451,-2.466,-1.842,33.333,48.611,-149.696319,53.3575,3013.712208
20160422,"2,959.24","2,933.03","2,960.21","2,926.78",13.72,2992.238,3024.592,3010.7065,15.632,29.176,-27.087,40.35881925,53.99616354,13.08413066,48.336,71.792,70.692,-1.574,-2.01,-1.636,41.667,45.833,-153.4291669,52.558,2999.692458
20160425,"2,946.67","2,949.97","2,954.09","2,917.02",12.59,2974.84,3015.863,3009.0685,9.843,25.309,-30.932,34.12743659,47.37325456,7.635800658,47.575,78.335,72.87,-1.272,-2.26,-1.956,41.667,43.056,-131.5354139,53.204,2990.36025
20160426,"2,964.70","2,944.72","2,965.43","2,933.97",11.77,2959.216,3009.968,3009.4125,6.633,21.574,-29.881,33.50518488,42.75056467,15.0144253,48.782,68.95,60.402,-0.284,-1.607,-1.309,50,43.056,-86.97946888,51.795,2988.135
20160427,"2,953.67","2,967.19","2,976.02","2,949.43",13.09,2955.434,2998.671,3011.1045,3.163,17.892,-29.457,31.10188817,38.8676725,15.57031951,48.075,73.705,67.724,-0.156,-1.754,-1.599,41.667,41.667,-67.74976935,50.277,2982.706542
20160428,"2,945.59","2,955.74","2,959.51","2,916.37",13.87,2953.974,2984.994,3008.352,-0.236,14.266,-29.005,29.54323127,35.75952542,17.11064297,47.549,78.075,60.673,-0.278,-1.811,-1.847,41.667,41.667,-86.52316813,48.37,2979.177583
20160429,"2,938.32","2,935.38","2,950.58","2,930.36",10.93,2949.79,2971.014,3005.072,-3.477,10.718,-28.389,27.05740998,32.85882028,15.45458938,47.065,78.313,63.202,-0.442,-1.703,-2.034,33.333,41.667,-76.01590386,47.8565,2972.878833
20160503,"2,992.64","2,940.39","2,993.53","2,929.81",16.87,2958.984,2966.912,3004.2275,-1.643,8.246,-19.777,37.4200223,34.37922095,43.501625,50.957,41.855,1.153,1.208,0.366,-0.271,33.333,40.278,-28.37556024,48.3715,2975.437708
20160504,"2,991.27","2,983.03","3,004.42","2,978.33",16.54,2964.298,2961.757,3001.1375,-0.296,6.537,-13.667,53.3017828,40.68674157,78.53186527,50.859,42.764,14.935,0.908,0.564,-0.415,33.333,38.889,6.912964667,46.467,2978.520833
20160505,"2,997.84","2,987.02","2,999.12","2,977.20",14.48,2973.132,2964.283,2998.5,1.286,5.487,-8.402,66.37684631,49.25010981,100.6303193,51.329,7.473,7.473,0.941,0.886,-0.193,41.667,37.5,20.51352247,46.0235,2983.456042
20160506,"2,913.25","2,998.40","3,003.59","2,913.04",20.68,2966.664,2960.319,2993.7415,-4.237,3.542,-15.558,44.32783407,47.60935123,37.76479973,45.48,99.77,99.77,-1.684,-1.603,-2.887,33.333,36.111,-71.69669162,47.786,2971.267042
20160509,"2,832.11","2,896.16","2,896.16","2,821.83",18.04,2945.422,2947.606,2986.099,-14.989,-0.164,-29.649,31.42858945,42.21576397,9.854240413,40.824,94.37,94.37,-3.808,-3.964,-5.358,33.333,34.722,-265.7977286,49.959,2948.438292
20160510,"2,832.59","2,822.33","2,845.24","2,820.16",12.08,2913.412,2936.198,2976.0305,-23.203,-4.772,-36.862,23.20102714,35.87751836,-2.151955292,40.861,93.254,93.254,-3.213,-3.62,-5.051,41.667,36.111,-241.5989285,48.012,2925.238667
20160511,"2,837.04","2,843.54","2,857.25","2,818.70",13.58,2882.566,2923.432,2966.7,-29.019,-9.621,-38.796,18.75904502,30.17136058,-4.065586107,41.22,90.125,90.125,-2.194,-3.133,-4.617,41.667,37.5,-159.6656645,48.1645,2907.526042
20160512,"2,835.86","2,812.11","2,839.28","2,781.24",13.63,2850.17,2911.651,2955.161,-33.34,-14.365,-37.95,20.66386972,27.00219696,7.987215246,41.151,75.526,75.435,-1.354,-2.867,-4.426,41.667,38.889,-137.8586847,47.391,2896.169833
20160513,"2,827.11","2,828.46","2,850.09","2,814.11",11.43,2832.942,2899.803,2942.3985,-37.043,-18.901,-36.285,20.62688546,24.87709313,12.12647012,40.624,79.447,79.37,-0.675,-2.785,-4.509,33.333,37.5,-97.37087513,47.7045,2882.542333
20160516,"2,850.86","2,816.78","2,851.23","2,804.99",11.47,2836.692,2891.057,2931.0355,-37.627,-22.646,-29.963,24.1494408,24.63454235,23.1792377,42.703,68.805,39.419,0.527,-1.679,-3.458,41.667,38.889,-76.19679038,48.8625,2876.111792
20160517,"2,843.68","2,850.93","2,860.32","2,832.46",12.34,2838.91,2876.161,2921.5365,-38.229,-25.763,-24.933,25.46024484,24.90977652,26.5611815,42.236,72.023,21.042,0.205,-1.638,-3.456,41.667,40.278,-56.50177714,47.498,2872.747667
20160518,"2,807.51","2,828.18","2,828.26","2,781.42",14.05,2833.004,2857.785,2909.771,-41.151,-28.84,-24.621,20.91173208,23.57709504,15.58100616,39.942,88.185,66.78,-0.923,-2.522,-4.333,41.667,40.278,-85.69734488,49.131,2864.40275
20160519,"2,806.91","2,802.31","2,829.40","2,801.55",11.16,2827.214,2838.692,2901.4875,-43.018,-31.676,-22.685,21.38691409,22.84703472,18.46667282,39.905,88.455,67.539,-0.769,-2.016,-3.978,33.333,38.889,-70.07998393,42.9915,2853.544583
20160520,"2,825.48","2,792.89","2,825.95","2,785.08",10.87,2826.888,2829.915,2895.117,-42.51,-33.843,-17.334,32.90572556,26.19993167,46.31731335,41.674,61.504,44.157,-0.051,-0.89,-2.994,41.667,38.889,-64.47468401,42.6745,2846.548833
20160523,"2,843.64","2,826.31","2,848.07","2,826.26",12.05,2825.444,2831.068,2889.337,-40.178,-35.11,-10.137,48.23962888,33.5464974,77.62589182,43.375,21.093,21.141,0.493,0.199,-2.104,41.667,40.278,-28.64266727,42.1325,2845.590917
20160524,"2,821.67","2,839.68","2,839.70","2,807.19",11.15,2821.042,2829.976,2883.087,-39.647,-36.017,-7.259,49.20156678,38.76485386,70.07499262,41.835,48.875,48.986,-0.111,-0.307,-2.551,41.667,40.278,-49.87548038,41.844,2842.13425
20160525,"2,815.09","2,835.03","2,843.16","2,807.75",10.35,2822.558,2827.781,2875.6065,-39.303,-36.674,-5.257,47.0258016,41.51850311,58.04039858,41.376,57.195,49.482,-0.176,-0.49,-2.558,41.667,40.278,-49.90305742,42.0415,2837.852458
20160526,"2,822.44","2,813.54","2,827.09","2,780.76",11.48,2825.664,2826.439,2869.045,-38,-36.939,-2.12,48.81324598,43.95008406,58.53956981,42.116,47.612,38.078,-0.003,-0.2,-2.119,41.667,40.278,-93.47648221,43.0285,2834.856042
20160527,"2,821.05","2,817.97","2,832.80","2,809.80",10.98,2824.778,2825.833,2862.818,-36.656,-36.883,0.453,49.42250587,45.77422466,56.71906827,42.012,49.359,40.143,-0.136,-0.203,-1.972,33.333,40.278,-22.80607475,42.0215,2833.503667
20160530,"2,822.45","2,814.65","2,830.97","2,794.66",10.63,2820.54,2822.992,2857.0245,-35.074,-36.521,2.894,53.59410558,48.38085164,64.02061347,42.163,47.599,38.063,-0.069,-0.114,-1.746,41.667,40.278,-49.8474027,42.826,2832.263
20160531,"2,916.62","2,822.59","2,917.14","2,822.59",21.53,2839.53,2830.286,2853.2235,-25.923,-34.401,16.957,68.93564119,55.23244816,96.34202727,51.109,0.381,0.381,2.823,2.947,1.603,50,41.667,268.9632615,44.3745,2844.066708
20160601,"2,913.51","2,917.15","2,929.08","2,909.51",18.84,2859.214,2840.886,2849.3355,-18.706,-31.262,25.113,75.79123652,62.08537761,103.2029543,50.838,10.498,10.498,2.162,2.648,1.554,41.667,41.667,253.9225182,44.0485,2855.931583
20160602,"2,925.23","2,911.22","2,925.67","2,906.52",15.97,2879.772,2852.718,2845.705,-11.903,-27.391,30.974,82.99557803,69.05544442,110.8758453,51.842,2.596,2.596,1.917,2.815,1.992,50,43.056,178.4745615,43.91,2869.877083
20160603,"2,938.68","2,929.79","2,945.52","2,915.18",17.2,2903.298,2864.038,2846.9765,-5.365,-22.986,35.241,87.27988766,75.13025883,111.5791453,52.992,4.151,4.534,1.699,2.893,2.461,58.333,45.833,150.6540216,40.8995,2879.609333
20160606,"2,934.10","2,940.99","2,945.94","2,922.28",14.2,2925.628,2873.084,2852.076,-0.547,-18.498,35.902,89.13061244,79.79704337,107.7977506,52.546,7.168,7.827,0.883,2.352,2.388,58.333,50,116.9923186,37.5115,2889.96025
20160607,"2,936.04","2,936.28","2,938.44","2,923.50",13.3,2929.512,2884.521,2857.2485,3.389,-14.12,35.019,90.75592107,83.4500026,105.367758,52.722,5.993,8.026,0.296,2.092,2.538,58.333,52.778,94.46130536,37.0045,2899.190458
20160608,"2,927.16","2,932.38","2,937.99","2,908.37",14.3,2932.242,2895.728,2861.7545,5.726,-10.151,31.754,89.6992585,85.5330879,98.0315997,51.805,11.369,47.641,-0.067,1.537,2.333,50,52.778,71.44653014,36.558,2901.536125
20160613,"2,833.07","2,897.27","2,911.16","2,832.51",16.93,2913.81,2896.791,2861.615,-0.014,-8.124,16.219,68.26284076,79.77633886,45.23584458,43.453,74.61,99.506,-2.834,-1.759,-0.84,50,54.167,-21.54712417,38.3885,2889.967917
20160614,"2,842.19","2,824.23","2,843.46","2,822.06",11.98,2894.512,2898.905,2862.369,-3.784,-7.256,6.944,50.92509264,70.15925678,12.45676435,44.36,68.581,83.75,-2.057,-1.52,-0.536,58.333,55.556,-53.66119998,37.6595,2879.440167
20160615,"2,887.21","2,814.69","2,894.26","2,811.78",16.67,2885.134,2905.381,2864.1865,-3.103,-6.425,6.645,52.69136567,64.33662641,29.40084419,48.608,43.776,43.776,-0.21,-0.146,0.959,58.333,55.556,-18.67932842,39.4715,2875.770167
20160616,"2,872.82","2,878.40","2,887.74","2,865.39",17.39,2872.49,2901.001,2865.6435,-3.682,-5.877,4.389,50.2935481,59.65560031,31.56944367,47.401,54.502,51.808,-0.356,-0.792,0.404,58.333,55.556,-8.717767017,39.196,2877.972125
20160617,"2,885.11","2,873.01","2,900.30","2,872.18",17.15,2864.08,2898.161,2869.5235,-3.113,-5.324,4.422,51.74857092,57.01992385,41.20586508,48.54,45.341,41.898,0.366,-0.547,0.761,58.333,55.556,-0.262237536,37.489,2881.702125
20160620,"2,888.81","2,887.64","2,891.66","2,864.02",13.66,2875.228,2894.519,2873.6185,-2.337,-4.726,4.779,53.63788648,55.89257806,49.12850332,48.887,42.583,22.489,0.719,-0.34,0.8,58.333,56.944,-18.76749848,37.4785,2880.681917
20160621,"2,878.56","2,898.38","2,919.30","2,869.18",16.44,2882.502,2888.507,2876.2725,-2.52,-4.285,3.531,53.33320018,55.0394521,49.92069633,47.951,50.224,37.891,0.097,-0.594,0.402,58.333,58.333,-16.16964877,37.941,2882.991042
20160622,"2,905.55","2,872.73","2,905.98","2,869.51",13.06,2886.17,2885.652,2879.368,-0.481,-3.524,6.086,60.32106909,56.79999109,67.36322507,50.553,25.967,12.788,0.665,0.395,1.252,58.333,58.333,-6.148935895,38.635,2887.69825
20160623,"2,891.96","2,902.40","2,904.11","2,878.66",13.61,2889.998,2881.244,2882.8825,0.037,-2.812,5.699,65.07143693,59.55713971,76.10003138,49.259,36.471,49.457,0.167,0.06,0.655,50,56.944,-7.286908304,38.157,2888.063958
20160624,"2,854.29","2,883.76","2,899.57","2,807.60",19.08,2883.834,2873.957,2884.8425,-2.562,-2.762,0.4,57.31411224,58.80946388,54.32340894,45.864,58.201,58.201,-1.032,-1.015,-0.724,50,55.556,-97.04554701,40.985,2884.096667
20160627,"2,895.70","2,840.56","2,895.73","2,840.28",15.67,2885.212,2880.22,2888.5055,-1.266,-2.463,2.394,64.50006766,60.70633181,72.08753937,49.83,21.128,21.128,0.343,0.538,0.614,50,54.167,-25.67540429,41.441,2883.792417
20160628,"2,912.56","2,885.01","2,913.58","2,878.82",17.39,2892.012,2887.257,2893.081,1.109,-1.748,5.715,74.32203854,65.24490072,92.47631419,51.345,6.034,6.034,0.789,1.166,1.099,58.333,54.167,63.04702348,42.029,2887.338375
20160629,"2,931.59","2,918.53","2,934.00","2,915.06",19.32,2897.22,2891.695,2898.538,4.475,-0.504,9.958,82.24581051,70.91187065,104.9136902,53.016,1.907,1.907,1.138,1.538,1.598,66.667,55.556,154.3651291,41.2855,2899.406375
20160630,"2,929.61","2,931.48","2,938.14","2,922.31",15.45,2904.75,2897.374,2899.1875,6.903,0.978,11.851,85.98574181,75.93649437,106.0842367,52.819,6.534,6.534,0.93,1.214,1.361,58.333,55.556,160.6575351,37.3425,2905.218333
20160701,"2,932.48","2,931.80","2,944.99","2,925.81",14.12,2920.388,2902.111,2900.136,8.956,2.573,12.766,87.62200581,79.83166485,103.2026877,53.082,9.105,9.105,0.794,1.181,1.3,58.333,56.944,145.6722753,37.323,2909.746917
20160704,"2,988.60","2,924.29","2,992.50","2,922.52",22.2,2938.968,2912.09,2903.3045,14.939,5.047,19.785,91.04492112,83.56941694,105.9959295,57.883,2.109,2.562,1.939,2.775,2.99,66.667,59.722,191.1083538,39.8645,2923.298208
20160705,"3,006.39","2,991.75","3,010.28","2,990.64",23.52,2957.734,2924.873,2906.69,20.876,8.212,25.327,93.39018687,86.84300692,106.4845468,59.262,1.919,2.959,1.904,3.029,3.33,66.667,62.5,198.7185196,39.4315,2937.681667
20160706,"3,017.29","2,998.52","3,017.65","2,984.83",21.24,2974.874,2936.047,2910.8495,26.158,11.802,28.714,95.53632866,89.74078083,107.1274243,60.097,0.171,0.351,1.672,3.024,3.556,66.667,63.889,157.6270789,39.8895,2952.829458
20160707,"3,016.85","3,009.35","3,024.11","2,994.64",22.27,2992.322,2948.536,2914.89,29.964,15.434,29.06,95.70778545,91.72978237,103.6637916,60.045,3.353,7.132,1.173,2.606,3.388,66.667,63.889,134.9469817,40.616,2962.627292
20160708,"2,988.09","3,000.33","3,001.55","2,983.88",16.9,3003.444,2961.916,2917.9365,30.31,18.409,23.801,88.87459172,90.77805216,85.06767086,56.708,19.594,35.456,-0.118,1.39,2.31,58.333,63.889,85.9912222,40.7835,2966.020167
20160711,"2,994.92","2,993.75","3,022.94","2,990.91",22.43,3004.708,2971.838,2926.029,30.78,20.883,19.794,83.66054854,88.40555095,74.17054372,57.296,20.091,28.733,-0.237,1.327,2.462,66.667,65.278,85.97356656,37.7935,2970.925792
20160712,"3,049.38","2,992.52","3,049.68","2,984.42",25.95,3013.306,2985.52,2936.3885,35.143,23.735,22.815,89.02852094,88.61320761,89.85914759,61.633,0.223,0.456,1.236,2.605,4.154,75,66.667,101.9812458,39.9865,2982.823375
20160713,"3,060.69","3,049.51","3,069.05","3,048.20",25.37,3021.986,2998.43,2945.0625,39.062,26.801,24.523,90.78390852,89.33677458,93.67817639,62.459,5.697,9.816,1.307,2.511,4.355,75,68.056,124.0382061,36.905,2996.741667
20160714,"3,054.02","3,054.97","3,057.05","3,036.52",18.02,3029.42,3010.871,2954.1225,41.156,29.672,22.968,90.43684395,89.70346437,91.9036031,61.642,10.257,17.647,0.882,1.886,3.94,66.667,68.056,101.3108717,36.996,3008.409167
20160715,"3,054.30","3,056.68","3,062.68","3,044.54",17.29,3042.662,3023.053,2962.582,42.349,32.207,20.284,87.85179444,89.08624106,85.38290121,61.664,10.066,17.318,0.683,1.549,3.625,66.667,68.056,101.5852335,36.497,3015.050917
20160718,"3,043.56","3,047.64","3,058.32","3,031.64",17.75,3052.39,3028.549,2970.3195,41.945,34.155,15.58,81.92507012,86.69918408,72.37684219,60.283,29.928,30.119,0.025,0.873,2.967,66.667,69.444,80.99054408,36.449,3020.243
20160719,"3,036.60","3,040.23","3,043.60","3,014.29",15.54,3049.834,3031.57,2978.2215,40.595,35.443,10.304,75.24995673,82.88277496,59.98432026,59.383,38.1,38.343,-0.431,0.354,2.516,58.333,68.056,49.32382394,35.4085,3024.672667
20160720,"3,027.90","3,034.71","3,043.00","3,022.63",13.82,3043.276,3032.631,2984.339,38.381,36.03,4.701,67.39492634,77.72015875,46.74446151,58.249,48.315,75.146,-0.6,-0.042,2,50,63.889,38.91013273,34.6035,3023.925792
20160721,"3,039.01","3,027.60","3,053.33","3,027.37",16.38,3040.274,3034.847,2991.6915,37.095,36.243,1.703,66.43138852,73.95723534,51.37969488,59.285,35.271,48.915,-0.117,0.235,2.153,50,59.722,51.51723656,34.557,3025.161
20160722,"3,012.82","3,038.12","3,039.27","3,007.46",16.2,3031.978,3037.32,2999.618,33.575,35.71,-4.269,55.47353902,67.79600324,30.82861059,55.875,66.442,90.293,-0.754,-0.617,1.097,41.667,55.556,-25.19428716,31.549,3023.351167
20160725,"3,015.83","3,008.09","3,027.12","3,003.29",14.42,3026.432,3039.411,3005.6245,30.675,34.703,-8.055,43.33880703,59.6436045,10.7292121,56.177,62.886,77.212,-0.444,-0.514,1.005,50,52.778,-48.14181366,29.968,3022.222792
20160726,"3,050.17","3,014.04","3,050.61","3,013.80",15.67,3029.146,3039.49,3012.505,30.793,33.921,-6.255,55.20448728,58.16389876,49.28566433,59.482,28.71,6.315,0.653,0.447,1.949,58.333,51.389,35.92115942,30.0705,3026.441667
20160727,"2,992.00","3,050.37","3,057.42","2,939.23",28.02,3021.966,3032.621,3015.5255,25.894,32.316,-12.843,51.0516752,55.79315758,41.56871045,52.486,57.254,55.352,-1.024,-1.461,-0.134,50,50,-127.7424498,34.908,3023.542625
20160728,"2,994.32","2,980.50","3,003.36","2,968.18",19.06,3013.028,3026.651,3018.761,21.946,30.242,-16.591,49.45416072,53.68015862,41.00216491,52.717,55.375,53.389,-0.764,-1.235,-0.251,50,50,-155.0394953,35.8755,3020.01275
20160729,"2,979.34","2,992.54","3,000.05","2,972.92",15.01,3006.332,3019.155,3021.104,17.407,27.675,-20.535,44.28173424,50.5473505,31.75050173,51.042,66.32,66.063,-0.933,-1.509,-0.865,41.667,48.611,-152.7811957,36.273,3010.514958
20160801,"2,953.39","2,971.95","2,972.88","2,931.96",14.74,2993.844,3010.138,3019.3435,11.583,24.456,-25.746,35.21486996,45.43652365,14.77156258,48.27,82.919,82.919,-1.472,-2.096,-1.784,41.667,48.611,-185.5321585,35.143,3002.284625
20160802,"2,971.28","2,950.08","2,971.28","2,946.64",11.55,2978.066,3003.606,3017.588,8.315,21.228,-25.826,33.92346876,41.59883869,18.5727289,50.215,68.659,68.659,-0.629,-1.276,-1.244,41.667,47.222,-127.4952503,35.291,2996.339917
20160803,"2,978.46","2,963.21","2,981.16","2,956.79",14.11,2975.358,2998.662,3015.6465,6.233,18.229,-23.993,34.97018115,39.38928617,26.1319711,50.987,62.936,62.936,0.011,-0.859,-1.072,50,45.833,-87.16658944,34.8685,2991.437042
20160804,"2,982.43","2,976.41","2,982.86","2,958.93",13.39,2972.98,2993.004,3013.9255,4.847,15.553,-21.411,36.72277447,38.50044894,33.16742552,51.422,59.772,29.314,0.198,-0.577,-1.009,58.333,47.222,-69.56248464,34.5915,2991.8995
20160805,"2,976.70","2,978.78","2,991.68","2,971.56",14.19,2972.452,2989.392,3013.356,3.249,13.092,-19.686,36.36877244,37.7898901,33.5265371,50.744,64.339,34.293,0.104,-0.627,-1.183,58.333,48.611,-49.25077601,33.949,2990.407958
20160808,"3,004.28","2,972.62","3,004.72","2,959.05",15.57,2982.63,2988.237,3013.824,4.16,11.306,-14.291,43.46047181,39.68008401,51.02124742,53.802,42.356,0.605,0.891,0.391,-0.264,58.333,51.389,-19.21300998,34.49,2992.99225
20160809,"3,025.68","3,001.31","3,025.91","2,998.68",17,2993.51,2985.788,3012.639,6.533,10.351,-7.636,62.22537752,47.19518184,92.28576886,56.012,25.299,0.29,1.2,1.07,0.435,66.667,55.556,64.90740345,32.5885,2999.580167
20160810,"3,018.75","3,023.47","3,033.20","3,017.09",16.47,3001.568,2988.463,3010.542,7.766,9.834,-4.137,70.0592468,54.81653683,100.5446668,55.121,14.273,18.911,0.702,0.83,0.202,58.333,58.333,93.01008035,32.3515,3004.598833
20160811,"3,002.64","3,013.68","3,038.05","3,001.17",16.19,3005.61,2989.295,3007.973,7.357,9.339,-3.962,68.91372416,59.51559927,87.70997392,53.072,33.377,44.755,0.03,0.425,-0.353,50,58.333,66.98289943,32.987,3003.837208
20160812,"3,050.67","3,000.27","3,051.05","2,999.04",16.82,3020.404,2996.428,3007.7915,10.785,9.628,2.315,79.1544995,66.06189935,105.3396998,57.936,0.319,0.413,1.246,1.865,1.163,58.333,58.333,118.2814478,34.6805,3009.939958
20160815,"3,125.20","3,056.48","3,137.48","3,053.87",29.76,3044.588,3013.609,3011.8735,19.293,11.561,15.465,83.83760959,71.98713609,107.5385566,63.981,6.435,6.882,2.875,3.975,3.526,58.333,58.333,253.5202155,37.687,3028.745458
20160816,"3,110.04","3,130.53","3,140.44","3,102.07",27.83,3061.46,3027.485,3015.5455,24.53,14.155,20.75,83.64227689,75.87218302,99.18246461,62.087,16.553,21.445,1.785,3.097,2.954,58.333,58.333,195.4050563,38.14,3045.743042
20160817,"3,109.55","3,106.99","3,114.25","3,090.28",21.38,3079.62,3040.594,3019.628,28.314,16.987,22.655,83.41831635,78.3875608,93.47982745,62.025,17.018,21.846,1.306,2.638,2.859,58.333,56.944,136.2564921,38.32,3058.41825
20160818,"3,104.11","3,107.75","3,125.58","3,093.32",22.94,3099.914,3052.762,3022.883,30.522,19.694,21.657,82.26932173,79.68148111,87.44500297,61.317,20.029,25.693,0.662,2.085,2.609,50,55.556,112.2474139,38.635,3063.798458
20160819,"3,108.10","3,100.39","3,113.34","3,082.77",19.43,3111.4,3065.902,3027.647,32.223,22.2,20.047,80.57514601,79.97936941,81.76669922,61.652,17.829,22.871,0.22,1.854,2.649,50,55.556,85.54728234,38.573,3071.922792
20160822,"3,084.81","3,107.38","3,112.74","3,083.59",18.54,3103.322,3073.955,3031.096,31.33,24.026,14.609,73.93600022,77.96491301,65.87817463,58.561,39.242,64.26,-0.713,0.809,1.812,41.667,52.778,62.98613535,38.839,3074.278792
20160823,"3,089.71","3,081.57","3,101.11","3,073.53",16.14,3099.256,3080.358,3033.073,30.665,25.354,10.622,70.66501853,75.53161485,60.93182589,59.012,35.877,75.818,-0.366,0.66,1.888,50,51.389,46.91386767,38.3775,3074.448667
20160824,"3,085.88","3,092.02","3,097.15","3,079.55",14.57,3094.522,3087.071,3037.767,29.488,26.18,6.615,67.58148807,72.88157259,56.98131904,58.493,38.586,76.273,-0.36,0.313,1.696,41.667,48.611,38.59703283,33.348,3074.463833
20160825,"3,068.33","3,073.44","3,073.44","3,041.51",17.4,3087.366,3093.64,3041.4675,26.83,26.31,1.04,54.09101799,66.61805439,29.03694519,56.131,50.997,68.098,-0.706,-0.373,1.04,33.333,44.444,-11.07073137,33.8075,3073.186667
20160826,"3,070.31","3,069.85","3,087.65","3,063.89",14.97,3079.808,3095.604,3046.016,24.6,25.968,-2.736,45.76450965,59.66687281,17.95978333,56.338,70.889,59.905,-0.461,-0.448,1.03,41.667,43.056,1.033855336,33.639,3072.372958
20160829,"3,070.03","3,068.46","3,074.94","3,058.79",14.45,3076.852,3090.087,3051.848,22.55,25.285,-5.469,41.81771006,53.71715189,18.01882638,56.299,71.172,59.961,-0.265,-0.638,0.993,41.667,41.667,-22.690805,32.0775,3072.327833
20160830,"3,074.68","3,071.44","3,082.99","3,065.97",14.04,3073.846,3086.551,3057.018,21.058,24.439,-6.763,41.030212,49.48817193,24.11429214,56.821,60.545,44.346,-0.059,-0.551,1.032,41.667,41.667,-18.26849608,31.6965,3074.227625
20160831,"3,085.49","3,072.92","3,087.70","3,063.40",14.14,3073.768,3084.145,3062.3695,20.511,23.654,-6.285,47.7627744,48.91303942,45.46224437,58.037,47.686,20.956,0.315,-0.095,1.261,41.667,40.278,-25.00922011,31.693,3075.827375
20160901,"3,063.31","3,083.96","3,088.70","3,062.88",15.52,3072.764,3080.065,3066.4135,18.08,22.539,-8.918,42.04354364,46.6232075,32.88421594,54.737,69.651,53.804,-0.284,-0.688,0.417,41.667,40.278,-75.90820029,31.7875,3074.364417
20160902,"3,067.35","3,057.49","3,072.53","3,050.49",15.04,3072.172,3075.99,3070.946,16.291,21.289,-9.996,42.48093066,45.24244855,36.95789488,55.221,63.723,55.875,-0.147,-0.443,0.394,50,43.056,-96.79276753,31.8835,3073.966708
20160905,"3,072.10","3,070.71","3,085.49","3,065.33",14.5,3072.586,3074.719,3074.337,15.083,20.048,-9.93,46.6467647,45.71055394,48.51918624,55.801,48.674,43.444,-0.002,-0.203,0.411,58.333,45.833,-39.89214133,30.608,3073.106333
20160906,"3,090.71","3,071.06","3,095.51","3,053.19",17.29,3075.792,3074.819,3077.5885,15.449,19.128,-7.358,61.46821351,50.96310713,82.47842627,58.023,11.574,10.662,0.491,0.449,0.865,58.333,48.611,-2.923466685,31.3625,3076.701917
20160907,"3,091.93","3,091.33","3,105.68","3,087.88",18.7,3077.08,3075.424,3081.2475,15.657,18.434,-5.554,66.00749778,55.97790401,86.06668531,58.167,21.427,24.914,0.437,0.469,0.755,66.667,52.778,106.090892,31.447,3080.532083
20160908,"3,095.95","3,089.95","3,096.78","3,083.90",14.59,3083.608,3078.186,3085.913,15.963,17.94,-3.954,71.46166337,61.13915713,92.10667586,58.654,17.63,17.63,0.511,0.583,0.723,66.667,56.944,97.87278199,30.247,3084.251792
20160909,"3,078.85","3,095.43","3,101.79","3,078.22",16.07,3085.908,3079.04,3087.322,14.656,17.283,-5.254,64.76981581,62.34937669,69.61069404,55.771,48.614,48.614,-0.129,0.046,0.065,66.667,61.111,62.30176211,28.825,3084.11675
20160912,"3,021.98","3,037.51","3,040.95","2,999.93",20.6,3075.884,3074.235,3082.161,8.928,15.612,-13.368,50.13023181,58.2763284,33.83803865,47.643,79.149,79.149,-1.732,-1.678,-1.778,66.667,63.889,-298.5728295,28.4305,3074.141292
20160913,"3,023.51","3,025.03","3,029.72","3,008.74",13.54,3062.444,3069.118,3077.8345,4.461,13.382,-17.841,40.85277866,52.46847848,17.621379,47.856,77.702,77.702,-1.423,-1.503,-1.735,66.667,65.278,-205.2512711,27.561,3064.023417
20160914,"3,002.85","3,008.90","3,017.94","2,995.42",13.34,3044.628,3060.854,3072.4995,-0.737,10.558,-22.591,29.48139171,44.80611622,-1.168057325,45.258,93.261,93.261,-1.627,-1.998,-2.406,66.667,66.667,-186.6431161,27.767,3051.295917
20160919,"3,026.05","3,005.32","3,026.65","3,005.32",11.92,3030.648,3057.128,3068.5965,-2.951,7.856,-21.615,28.91419221,39.50880822,7.724960192,48.532,72.22,71.204,-0.509,-1.11,-1.62,66.667,66.667,-109.3977605,27.344,3046.901208
20160920,"3,023.00","3,027.17","3,027.82","3,015.88",11.89,3019.478,3052.693,3064.3415,-4.896,5.306,-20.403,27.61399621,35.54387088,11.75424686,48.137,74.986,74.072,-0.21,-1.041,-1.583,58.333,65.278,-82.73564363,26.4125,3041.4535
20160921,"3,025.87","3,021.58","3,032.45","3,017.54",11.57,3020.256,3048.07,3061.3945,-6.134,3.018,-18.304,27.61484505,32.90086227,17.0428106,48.548,72.383,33.121,0.176,-0.846,-1.377,66.667,65.278,-63.75731458,25.7005,3039.647583
20160922,"3,042.31","3,038.42","3,054.44","3,035.07",13.93,3024.016,3043.23,3059.0245,-5.723,1.27,-13.986,33.10388936,32.96853797,33.37459216,50.876,57.473,20.552,0.608,-0.239,-0.75,66.667,65.278,-17.36604314,25.75,3040.7355
20160923,"3,033.90","3,044.79","3,046.80","3,032.80",12.56,3030.226,3037.427,3056.4255,-6.007,-0.186,-11.642,34.12779738,33.35495777,35.67347661,49.676,63.824,34.802,0.272,-0.411,-0.93,58.333,63.889,-26.62006015,25.57,3040.631167
20160926,"2,980.43","3,028.24","3,028.24","2,980.12",14.43,3021.102,3025.875,3052.0305,-10.426,-2.234,-16.385,22.89090332,29.86693962,8.938830704,42.956,99.745,99.583,-1.373,-1.87,-2.507,50,61.111,-108.4967682,26.0405,3032.514083
20160927,"2,998.17","2,974.59","2,998.23","2,969.13",12.17,3016.136,3017.807,3048.4235,-12.355,-4.258,-16.193,26.60745487,28.7804447,22.26147519,45.508,65.959,65.959,-0.633,-1.031,-1.81,50,58.333,-112.0206603,26.3075,3024.819
20160928,"2,987.86","3,000.70","3,000.70","2,984.32",10.46,3008.534,3014.395,3044.315,-14.547,-6.316,-16.463,25.05671062,27.53920001,20.09173184,44.306,78.045,78.045,-0.782,-1.077,-2.012,41.667,55.556,-96.96822819,26.319,3016.239167
20160929,"2,998.48","2,992.17","3,009.20","2,991.91",11.32,2999.768,3011.892,3040.505,-15.252,-8.103,-14.298,28.17245327,27.75028443,29.01679096,45.844,65.596,65.596,-0.279,-0.505,-1.546,50,52.778,-72.96490833,26.535,3013.975208
20160930,"3,004.70","2,994.25","3,009.20","2,993.06",10.13,2993.928,3012.077,3036.4655,-15.134,-9.509,-11.25,32.67996709,29.39351198,39.2528773,46.742,58.305,54.204,0.137,-0.251,-1.256,58.333,51.389,-59.19045866,26.127,3011.582417
20161010,"3,048.14","3,020.46","3,048.24","3,014.62",16.01,3007.47,3014.286,3035.707,-11.404,-9.888,-3.032,52.65836746,37.14846381,83.67817477,52.488,7.385,0.126,1.504,1.122,0.202,58.333,51.389,95.84504272,27.013,3017.522583
20161011,"3,065.25","3,051.62","3,066.10","3,048.02",16.73,3020.886,3018.511,3035.602,-6.987,-9.308,4.642,68.14672506,47.48121756,109.47774,54.505,0.877,0.877,1.596,1.515,0.771,66.667,54.167,158.5283327,26.815,3027.894667
20161012,"3,058.50","3,057.32","3,060.51","3,048.89",14.25,3035.014,3021.774,3034.922,-3.985,-8.243,8.517,76.15199153,57.03814222,114.3796902,53.569,7.837,9.293,1.035,1.201,0.572,58.333,55.556,119.0267686,26.625,3035.397792
20161013,"3,061.35","3,057.97","3,065.00","3,052.64",15.48,3047.588,3023.678,3033.454,-1.36,-6.867,11.013,82.46852029,65.51493491,116.3756911,53.917,4.898,6.402,0.722,1.188,0.699,66.667,59.722,110.2962691,25.127,3039.992667
20161014,"3,063.81","3,056.99","3,064.79","3,043.18",15.54,3059.41,3026.669,3032.048,0.908,-5.312,12.44,87.52516182,72.85167721,116.872131,54.227,2.362,3.135,0.443,1.163,0.779,66.667,62.5,86.85650018,25.3175,3043.033667
20161017,"3,041.17","3,064.69","3,068.81","3,033.75",16.37,3058.016,3032.743,3029.309,0.869,-4.076,9.889,80.77879767,75.4940507,91.3482916,50.94,27.729,51.006,-0.497,0.419,0.07,58.333,62.5,52.79255008,26.4265,3042.400583
20161018,"3,083.88","3,037.40","3,084.19","3,037.40",18.2,3061.742,3041.314,3029.5605,4.235,-2.413,13.297,87.07388707,79.35399616,102.5136689,56.17,0.31,0.615,0.704,1.689,1.459,66.667,63.889,94.34217007,27.5875,3046.871375
20161019,"3,084.72","3,085.75","3,096.22","3,076.77",18.25,3066.986,3051,3032.6975,6.891,-0.552,14.888,87.66668082,82.12489104,98.75026038,56.266,11.025,18.409,0.625,1.426,1.495,75,65.278,121.414286,24.614,3052.382083
20161020,"3,084.46","3,084.91","3,089.68","3,076.29",16.07,3071.608,3059.598,3035.745,8.873,1.333,15.081,86.97386565,83.74121591,93.43916512,56.226,11.4,18.825,0.474,1.179,1.497,66.667,66.667,99.10715214,24.2345,3059.630833
20161021,"3,090.94","3,081.39","3,101.85","3,069.27",18.74,3077.034,3068.222,3040.1495,10.842,3.234,15.214,85.97572443,84.48605208,88.95506912,57.014,12.507,16.021,0.524,1.106,1.717,75,68.056,97.61357758,24.459,3064.700708
20161024,"3,128.25","3,092.05","3,137.03","3,090.79",24.05,3094.45,3076.233,3045.2595,15.237,5.635,19.203,87.81676232,85.59628883,92.25770931,61.208,8.501,8.501,1.383,1.966,2.875,75,69.444,157.9089701,25.581,3074.99425
20161025,"3,131.94","3,127.97","3,132.50","3,121.05",20.34,3104.062,3082.902,3050.7065,18.801,8.268,21.065,90.23505818,87.14254528,96.42008397,61.595,4.928,5.109,1.008,1.735,2.842,75,72.222,159.0441899,25.5565,3086.745583
20161026,"3,116.31","3,129.84","3,129.84","3,110.39",19.17,3110.38,3088.683,3055.2285,20.132,10.641,18.982,86.8027163,87.02926895,86.34961098,58.995,20.062,30.579,0.329,1.041,2.199,66.667,72.222,114.8634017,25.8885,3092.761708
20161027,"3,112.35","3,112.60","3,114.76","3,100.39",15.8,3115.958,3093.783,3058.7305,20.63,12.639,15.982,83.23640937,85.76498242,78.17926325,58.344,23.896,36.423,0.053,0.784,1.916,58.333,69.444,79.09325726,25.256,3094.444708
20161028,"3,104.27","3,111.70","3,128.64","3,101.24",18.18,3118.624,3097.829,3062.249,20.14,14.139,12.002,77.86371886,83.1312279,67.32870078,57.005,31.72,48.347,-0.313,0.398,1.543,58.333,68.056,74.75072567,25.926,3094.797458
20161031,"3,100.49","3,097.19","3,102.30","3,081.07",15.15,3113.072,3103.761,3068.252,19.225,15.156,8.138,67.26727263,77.84324281,46.11533226,56.373,36.676,65.297,-0.485,0.17,1.313,50,63.889,20.92408613,24.397,3096.193208
20161101,"3,122.44","3,101.66","3,122.61","3,097.04",16.02,3111.172,3107.617,3074.4655,20.041,16.133,7.815,71.00088935,75.56245832,61.8777514,59.118,21.532,19.561,0.251,0.721,1.896,50,59.722,67.9671884,24.2205,3099.566792
20161102,"3,102.73","3,115.73","3,118.98","3,099.82",18.27,3108.456,3109.418,3080.209,18.879,16.682,4.393,63.79398133,71.63963266,48.10267867,55.827,50.62,55.587,-0.226,-0.081,1.17,50,55.556,39.52942841,24.5325,3100.93975
20161103,"3,128.94","3,096.76","3,140.93","3,094.10",22.3,3111.774,3113.866,3086.732,19.844,17.315,5.059,69.18596416,70.82174316,65.91440617,58.995,16.732,20.03,0.549,0.642,1.893,50,52.778,76.81467308,25.807,3106.406333
20161104,"3,125.32","3,126.35","3,141.33","3,119.54",19.77,3115.984,3117.304,3092.763,20.085,17.869,4.433,70.60124129,70.74824254,70.3072388,58.391,26.568,26.568,0.362,0.416,1.575,41.667,50,100.2556702,26.0895,3109.540333
20161107,"3,133.33","3,124.89","3,139.20","3,117.10",17.94,3122.552,3117.812,3097.0225,20.684,18.432,4.505,75.97555925,72.49068144,82.94531486,59.351,13.276,13.276,0.463,0.542,1.649,50,48.611,101.2626747,25.0175,3115.384167
20161108,"3,147.89","3,140.94","3,156.88","3,134.95",19.08,3127.642,3119.407,3101.1545,22.08,19.161,5.837,80.03084155,75.00406814,90.08438836,61.056,11.859,14.32,0.675,0.855,1.901,50,48.611,162.6947727,25.291,3121.157792
20161109,"3,128.37","3,146.08","3,146.95","3,096.95",24.11,3132.77,3120.613,3104.648,21.364,19.602,3.524,74.15150242,74.71987957,73.01474812,57.673,37.607,45.413,0.019,0.23,1.092,41.667,47.222,40.74307658,27.02,3122.534917
20161110,"3,171.28","3,148.54","3,172.31","3,148.54",24.42,3141.238,3126.506,3110.1445,23.983,20.478,7.01,82.39137133,77.27704349,92.62002702,62.446,1.129,1.317,1.022,1.498,2.25,41.667,45.833,224.8111759,28.599,3130.747375
20161111,"3,196.04","3,169.40","3,202.74","3,166.07",31.09,3155.382,3135.683,3116.756,27.737,21.93,11.614,86.20519503,80.253094,98.10939708,64.833,5.507,6.333,1.45,2.073,2.844,50,45.833,235.3348032,29.352,3140.869625
20161114,"3,210.37","3,187.71","3,221.46","3,186.80",32.96,3170.79,3146.671,3125.216,31.505,23.845,15.32,87.90092985,82.80237262,98.09804432,66.134,8.708,8.907,1.448,2.264,3.104,58.333,48.611,197.6727724,29.332,3155.403792
20161115,"3,206.99","3,209.95","3,214.29","3,195.04",24.09,3182.61,3155.126,3131.3715,33.828,25.841,15.973,88.14678824,84.58384449,95.27267574,65.537,11.361,11.622,0.95,1.879,2.791,58.333,50,144.2602843,27.955,3165.127667
20161116,"3,205.06","3,208.50","3,210.89","3,195.41",22.18,3197.948,3165.359,3137.3885,35.109,27.695,14.828,87.70731456,85.62500118,91.87194132,65.187,12.877,13.172,0.587,1.536,2.533,58.333,51.389,113.2470575,27.7565,3171.944208
20161117,"3,208.45","3,198.50","3,211.05","3,187.21",21.42,3205.382,3173.31,3143.588,35.983,29.352,13.261,88.32188973,86.52396403,91.91774113,65.525,10.449,17.841,0.274,1.413,2.444,58.333,54.167,91.05303288,28.279,3178.462625
20161118,"3,192.86","3,207.19","3,212.39","3,187.50",20.98,3204.746,3180.064,3148.684,35.014,30.485,9.058,84.5579123,85.86861346,81.93650999,62.61,22.97,51.634,-0.326,0.682,1.741,58.333,56.944,70.83515425,27.8945,3181.336
20161121,"3,218.15","3,188.50","3,229.76","3,188.28",23.07,3206.302,3188.546,3153.179,35.873,31.562,8.621,86.79133766,86.17618819,88.02163661,65.228,8.742,27.025,0.348,1.242,2.364,58.333,58.333,85.25486543,27.6565,3186.330375
20161122,"3,248.35","3,220.98","3,249.68","3,220.98",26.16,3214.574,3198.592,3158.9995,38.546,32.959,11.174,90.75588881,87.70275506,96.8621563,68.019,0.871,2.129,1.09,1.863,3.101,66.667,59.722,121.0173337,28.6605,3195.256125
20161123,"3,241.14","3,247.94","3,262.88","3,231.59",25,3221.79,3209.869,3165.241,39.627,34.293,10.668,86.3518066,87.25243891,84.55054198,66.686,19.013,28.73,0.688,1.352,2.659,58.333,59.722,120.0159929,29.1475,3204.508792
20161124,"3,241.74","3,237.43","3,257.86","3,232.87",23.23,3228.448,3216.915,3171.7105,40.069,35.448,9.242,81.63902424,85.38130069,74.15447135,66.742,21.837,27.937,0.515,1.123,2.474,58.333,59.722,110.0669598,29.601,3211.575542
20161125,"3,261.94","3,241.24","3,262.44","3,209.60",23.39,3242.264,3223.505,3179.594,41.571,36.672,9.796,87.34527082,86.0359574,89.96389766,68.616,1.236,1.247,0.863,1.401,2.932,66.667,61.111,106.603917,30.873,3219.690375
20161128,"3,277.00","3,270.05","3,288.34","3,267.67",28.16,3254.034,3230.168,3188.4195,43.475,38.033,10.883,87.8257506,86.63255513,90.21214155,69.933,11.213,11.333,0.891,1.591,3.21,66.667,62.5,157.7841339,31.033,3230.593417
20161129,"3,282.92","3,269.23","3,301.21","3,263.40",32.08,3260.948,3237.761,3196.4435,44.943,39.415,11.056,86.53588052,86.60033026,86.40698104,70.442,16.044,19.965,0.739,1.547,3.171,66.667,63.889,140.6180831,31.645,3240.539833
20161130,"3,250.03","3,272.14","3,277.27","3,239.52",24.36,3262.726,3242.258,3203.8085,42.958,40.124,5.669,76.02084234,83.07383429,61.91485845,64.147,44.895,55.867,-0.279,0.427,1.954,58.333,62.5,66.58464245,32.684,3242.284833
20161201,"3,273.31","3,257.03","3,279.67","3,256.26",23.78,3269.04,3248.744,3211.027,42.77,40.653,4.234,75.77870495,80.64212451,66.05186584,66.367,24.536,30.455,0.27,0.974,2.458,66.667,63.889,90.12396292,31.8245,3246.504042
20161202,"3,243.84","3,270.12","3,279.71","3,235.28",25.96,3265.42,3253.842,3216.953,39.785,40.479,-1.389,62.97774741,74.75399881,39.42524462,61.349,50.801,62.624,-0.643,-0.035,1.346,66.667,65.278,40.92805232,32.9565,3245.624292
20161205,"3,204.71","3,203.78","3,219.52","3,194.88",22.3,3250.962,3252.498,3220.522,33.871,39.157,-10.574,45.06676625,64.85825462,5.483789493,55.531,90.755,90.755,-1.554,-1.231,0.016,58.333,63.889,-87.90749431,34.2995,3240.277375
20161206,"3,199.65","3,202.03","3,215.31","3,196.52",15.76,3234.308,3247.628,3223.11,28.448,37.015,-17.136,31.53985551,53.75212159,-12.88467663,54.83,95.514,95.514,-1.319,-1.405,-0.268,58.333,62.5,-94.96336143,34.0615,3231.704583
20161207,"3,222.24","3,198.47","3,222.43","3,189.49",16.91,3228.75,3245.738,3227.8035,25.677,34.748,-18.142,30.79802278,46.10075532,0.192557711,57.34,70.686,63.7,-0.311,-0.719,0.315,58.333,61.111,-78.60123882,33.1615,3228.634833
20161208,"3,215.37","3,225.55","3,228.12","3,211.47",17.07,3217.162,3243.101,3230.008,22.665,32.331,-19.332,28.25370035,40.151737,4.457627067,56.346,76.835,71.315,-0.346,-0.847,-0.016,50,59.722,-68.30604039,31.797,3227.943042
20161209,"3,232.88","3,209.34","3,244.80","3,207.04",20.4,3214.97,3240.195,3231.85,21.444,30.154,-17.42,31.78185585,37.36177661,20.62201432,58.27,61.162,51.906,0.407,-0.285,0.399,58.333,58.333,-43.75724556,31.8515,3229.316042
20161212,"3,152.97","3,233.67","3,245.09","3,149.90",27.47,3204.622,3227.792,3228.98,13.868,26.897,-26.057,21.97623556,32.23326293,1.462180832,48.163,97.971,96.775,-1.612,-2.528,-2.089,50,55.556,-147.2182038,34.878,3217.190417
20161213,"3,155.04","3,138.99","3,162.50","3,118.71",18.52,3195.7,3215.004,3226.3825,7.94,23.105,-30.33,22.17256284,28.87969623,8.758296052,48.405,77.435,71.253,-1.293,-2.194,-2.058,50,54.167,-183.6740796,36.105,3207.216875
20161214,"3,140.53","3,149.38","3,170.02","3,136.35",20.14,3179.358,3204.054,3223.156,2.048,18.894,-33.692,19.2993069,25.68623312,6.525454463,46.807,86.447,82.735,-1.443,-2.3,-2.47,41.667,51.389,-140.6022117,37.0145,3193.407958
20161215,"3,117.68","3,125.76","3,138.78","3,100.91",19,3159.82,3188.491,3218.6175,-4.415,14.232,-37.295,16.74330267,22.70525631,4.819395408,44.399,90.621,88.369,-1.622,-2.593,-3.081,33.333,47.222,-156.8915944,37.8035,3181.533333
20161216,"3,122.98","3,111.51","3,128.87","3,106.35",16.5,3137.84,3176.405,3215.1235,-9.006,9.584,-37.18,16.26462006,20.55837756,7.677105055,45.083,84.693,84.693,-0.973,-2.104,-2.807,41.667,45.833,-130.1773487,37.685,3171.491708
20161219,"3,118.08","3,120.70","3,125.28","3,110.08",15.42,3130.862,3167.742,3210.12,-12.89,5.089,-35.96,14.81265511,18.64313674,7.151691837,44.554,88.091,88.091,-0.525,-1.86,-2.847,33.333,41.667,-108.9989946,36.371,3160.352708
20161220,"3,102.88","3,115.90","3,117.01","3,084.80",15.74,3120.43,3158.065,3202.8465,-17,0.672,-35.342,13.63495534,16.97374294,6.957380137,42.925,88.72,78.784,-0.746,-1.976,-3.192,33.333,38.889,-111.4393658,36.4585,3152.27725
20161221,"3,137.43","3,107.24","3,140.25","3,107.24",18.67,3119.81,3149.584,3197.661,-17.269,-2.917,-28.705,20.03471621,17.99406736,24.1160139,47.48,67.166,38.242,0.454,-0.708,-2.024,41.667,37.5,-62.91012508,36.7625,3150.049625
20161222,"3,139.56","3,132.16","3,143.17","3,126.89",16.78,3124.186,3142.003,3192.552,-17.114,-5.756,-22.715,24.74417061,20.24410178,33.74430828,47.749,65.837,6.185,0.527,-0.483,-1.889,50,38.889,-42.6029123,36.327,3149.270083
20161223,"3,110.15","3,134.93","3,138.40","3,103.75",16.62,3121.62,3129.73,3184.9625,-19.143,-8.433,-21.419,26.41162653,22.29994336,34.63499287,44.475,84.185,56.57,-0.375,-1.123,-2.671,41.667,40.278,-66.9786225,35.4755,3145.329583
20161226,"3,122.57","3,095.58","3,122.88","3,068.41",15.26,3122.518,3126.69,3177.241,-19.524,-10.651,-17.745,35.37503114,26.65830596,52.80848152,46.103,46.698,27.555,0.025,-0.483,-2.122,50,41.667,-83.08157381,36.879,3140.210458
20161227,"3,114.66","3,117.39","3,127.88","3,113.75",14.15,3124.874,3122.652,3168.828,-20.231,-12.567,-15.327,44.20489859,32.50717017,67.60035544,45.222,54.483,38.135,-0.21,-0.423,-2.209,41.667,43.056,-50.56543398,35.695,3133.426792
20161228,"3,102.24","3,113.77","3,118.78","3,094.55",13.57,3117.836,3118.823,3161.4385,-21.545,-14.363,-14.364,44.55375619,36.52269884,60.61587088,43.849,54.749,54.749,-0.604,-0.685,-2.421,41.667,44.444,-77.55032191,34.7365,3129.836708
20161229,"3,096.10","3,095.84","3,111.80","3,087.34",13.26,3109.144,3116.665,3152.578,-22.819,-16.054,-13.53,42.04867855,38.36469208,49.41665149,43.173,62.961,62.961,-0.582,-0.726,-2.402,33.333,43.056,-102.6777821,34.4775,3122.46575
20161230,"3,103.64","3,097.35","3,108.84","3,089.99",13.33,3107.842,3114.731,3145.568,-22.955,-17.434,-11.042,43.74049588,40.15662668,50.90823429,44.274,52.876,49.664,-0.148,-0.386,-1.941,41.667,41.667,-97.99080693,33.1985,3117.529708
20170103,"3,135.92","3,105.31","3,136.46","3,105.31",14.16,3110.512,3116.515,3142.1285,-20.226,-17.993,-4.466,59.26109749,46.52478362,84.73372523,48.714,9.698,0.794,0.752,0.601,-0.729,50,43.056,52.41494067,32.3915,3120.93025
20170104,"3,158.79","3,133.79","3,160.10","3,130.11",16.79,3119.338,3122.106,3140.0855,-16.032,-17.6,3.137,72.36448925,55.13801883,106.8174301,51.567,1.429,1.8,1.29,1.238,0.116,50,43.056,197.1805168,32.9515,3127.898875
20170105,"3,165.41","3,157.91","3,168.50","3,154.28",17.47,3131.972,3124.904,3137.244,-12.036,-16.488,8.904,80.54725233,63.60776333,114.4262303,52.368,3.087,3.807,1.228,1.322,0.469,58.333,45.833,195.8783093,32.0155,3135.436625
20170106,"3,154.32","3,163.78","3,172.03","3,153.03",18.37,3143.616,3126.38,3134.1915,-9.652,-15.12,10.936,81.33440318,69.51664328,104.969923,50.897,17.091,20.912,0.594,0.829,0.236,58.333,48.611,138.5936282,32.133,3139.4485
20170109,"3,171.24","3,148.53","3,173.14","3,147.74",17.17,3157.136,3132.489,3131.1095,-6.325,-13.361,14.073,86.81811805,75.28380154,109.8867511,52.998,1.814,2.285,0.731,1.278,0.818,58.333,52.778,123.689325,31.515,3143.550708
20170110,"3,161.67","3,167.57","3,174.58","3,157.33",17.98,3162.286,3136.399,3131.5445,-4.41,-11.571,14.323,86.27932614,78.9489764,100.9400256,51.693,14.798,18.637,0.12,0.913,0.564,50,54.167,103.6120081,27.618,3146.226333
20170111,"3,136.75","3,156.69","3,167.03","3,136.27",17.84,3157.878,3138.608,3130.63,-4.847,-10.226,10.759,76.39850537,78.09881939,72.99787732,48.45,43.363,85.069,-0.674,0.047,-0.115,50,54.167,42.28927815,26.9665,3145.122292
20170112,"3,119.29","3,133.60","3,144.97","3,115.98",14.89,3148.654,3140.313,3129.568,-6.527,-9.486,5.919,62.47822492,72.89195457,41.65076563,46.326,63.377,94.352,-1.02,-0.501,-0.544,41.667,52.778,-15.08722846,26.7325,3138.813458
20170113,"3,112.76","3,116.08","3,130.51","3,102.16",15.63,3140.342,3141.979,3129.322,-8.289,-9.247,1.915,46.53109683,64.10500199,11.38328651,45.547,73.082,85.363,-0.952,-0.704,-0.594,41.667,50,-48.87440275,26.169,3132.442792
20170116,"3,103.43","3,104.49","3,105.14","3,044.29",25.79,3126.78,3141.958,3128.3445,-10.32,-9.462,-1.717,46.15108147,58.12036181,22.21252077,44.432,54.609,54.609,-0.981,-1.005,-0.827,41.667,47.222,-128.8357947,28.4665,3127.326125
20170117,"3,108.77","3,087.03","3,108.91","3,072.34",13.62,3116.2,3139.243,3127.879,-11.368,-9.843,-3.05,47.26392102,54.50154822,32.78866662,45.232,50.51,50.51,-0.48,-0.868,-0.595,50,45.833,-84.8156096,29.535,3123.994125
20170118,"3,113.01","3,104.77","3,123.72","3,098.59",13.18,3111.452,3134.665,3128.3855,-11.721,-10.218,-3.005,49.09057369,52.69789004,41.87594099,45.878,47.256,44.012,-0.085,-0.758,-0.423,50,45.833,-46.71909723,29.1275,3122.309292
20170119,"3,101.30","3,104.97","3,115.78","3,094.01",12.39,3107.854,3128.254,3126.579,-12.798,-10.734,-4.127,47.31246116,50.90274708,40.13188931,44.37,56.244,43.375,-0.272,-1.04,-0.776,41.667,44.444,-70.45599976,28.3475,3119.481833
20170120,"3,123.14","3,095.82","3,125.66","3,095.21",12.24,3109.93,3125.136,3125.758,-11.754,-10.938,-1.631,51.7145883,51.17336082,52.79704326,47.715,39.481,8.548,0.41,-0.249,-0.077,41.667,44.444,-44.7092379,29.056,3119.891792
20170123,"3,136.77","3,125.42","3,145.84","3,125.42",13.27,3116.598,3121.689,3127.089,-9.714,-10.693,1.958,59.59181233,53.97951132,70.81641434,49.685,29.02,8.932,0.718,0.263,0.334,41.667,44.444,13.65772963,28.4005,3122.608292
20170124,"3,142.55","3,134.59","3,149.53","3,131.22",12.6,3123.354,3119.777,3128.088,-7.545,-10.064,5.038,70.85038851,59.60313705,93.34489142,50.51,19.945,9.043,0.693,0.479,0.466,50,45.833,30.55394472,26.5925,3127.680333
20170125,"3,149.55","3,137.65","3,151.47","3,133.19",11.21,3130.662,3121.057,3129.8325,-5.201,-9.091,7.781,79.96979934,66.39202448,107.1253491,51.515,1.791,3.341,0.698,0.761,0.673,50,45.833,47.47906841,26.8,3131.564583
20170126,"3,159.17","3,149.22","3,163.10","3,148.91",11.39,3142.236,3125.045,3132.679,-2.537,-7.78,10.486,85.5439321,72.77599369,111.0798089,52.886,3.308,5.688,0.758,1.076,0.955,58.333,47.222,86.70577384,26.298,3136.014125
20170203,"3,140.17","3,160.08","3,162.68","3,136.01",9.22,3145.642,3127.786,3134.8825,-1.937,-6.612,9.349,81.94114351,75.83104363,94.16134328,49.973,19.3,33.775,-0.055,0.459,0.307,58.333,50,60.83458788,26.4085,3138.0575
20170206,"3,156.98","3,143.09","3,158.84","3,135.39",12.72,3149.684,3133.141,3137.5495,-0.104,-5.31,10.412,85.00809191,78.89005972,97.24415629,52.394,6.743,16.242,0.3,0.895,0.798,66.667,54.167,81.78956185,26.6385,3141.538625
20170207,"3,153.09","3,154.40","3,159.54","3,140.04",12.83,3151.792,3137.573,3138.408,1.023,-4.044,10.133,85.1759451,80.98535485,93.5571256,51.789,14.488,31.399,0.09,0.663,0.622,66.667,58.333,81.16694496,25.9725,3142.766792
20170208,"3,166.98","3,148.09","3,167.45","3,132.03",14.49,3155.278,3142.97,3138.8175,3.002,-2.635,11.273,89.90042704,83.95704558,101.78719,53.778,0.64,1.327,0.401,0.936,0.979,75,62.5,82.62276219,26.244,3147.445208
20170209,"3,183.18","3,164.69","3,186.84","3,162.57",19.16,3160.08,3151.158,3139.706,5.811,-0.945,13.513,91.28062769,86.39823961,101.0454038,55.989,3.994,6.678,0.736,1.252,1.378,75,66.667,130.5570934,26.7465,3152.802125
20170210,"3,196.70","3,183.01","3,205.05","3,182.80",23.93,3171.386,3158.514,3141.825,9.024,1.048,15.951,90.41716323,87.73788082,95.77572805,57.748,10.486,11.435,0.964,1.457,1.683,75,69.444,171.4876869,26.909,3160.273333
20170213,"3,216.84","3,198.99","3,219.41","3,198.99",22.02,3183.358,3166.521,3144.105,13.045,3.448,19.194,92.63105,89.36893721,99.15527557,60.221,2.914,2.941,1.192,1.785,2.214,83.333,73.611,193.1337219,26.7745,3170.6
20170214,"3,217.93","3,216.14","3,219.40","3,205.29",18.88,3196.326,3174.059,3146.918,16.134,5.985,20.297,94.52278285,91.08688576,101.394577,60.352,1.694,1.694,0.903,1.566,2.169,83.333,76.389,156.7649257,26.6175,3178.713458
20170215,"3,212.99","3,215.46","3,236.00","3,206.56",24.15,3205.528,3180.403,3150.73,17.976,8.383,19.185,88.97139389,90.3817218,86.15073805,59.426,22.131,22.131,0.434,1.207,1.948,75,77.778,130.418098,26.5515,3185.107708
20170216,"3,229.62","3,210.36","3,230.28","3,207.79",21.7,3214.816,3187.448,3156.2465,20.541,10.815,19.452,90.60213409,90.45519256,90.89601715,61.5,6.136,8.689,0.626,1.499,2.373,75,77.778,114.7879675,26.2265,3191.975792
20170217,"3,202.08","3,227.71","3,238.40","3,199.42",22.62,3215.892,3193.639,3160.7125,20.119,12.675,14.887,82.35310083,87.75449532,71.55031186,56.508,34.145,65.324,-0.33,0.495,1.459,66.667,76.389,79.5351717,26.758,3193.653333
20170220,"3,239.96","3,198.96","3,241.46","3,198.96",23.22,3220.516,3201.937,3167.539,22.581,14.657,15.849,87.77848746,87.7624927,87.81047698,61.046,1.371,3.529,0.623,1.469,2.553,66.667,75,93.86084078,25.4595,3201.093083
20170221,"3,253.33","3,242.22","3,254.34","3,239.88",21.17,3227.596,3211.961,3174.767,25.32,16.789,17.061,91.4854658,89.00348373,96.44942992,62.488,0.826,1.824,0.848,1.588,2.818,75,73.611,124.1693578,24.354,3208.753833
20170222,"3,261.22","3,252.69","3,261.38","3,243.84",20.75,3237.242,3221.385,3182.1775,27.806,18.993,17.627,94.25577248,90.75424665,101.2588241,63.324,0.162,0.256,0.867,1.559,2.876,75,72.222,120.1191835,23.9745,3219.510208
20170223,"3,251.38","3,258.83","3,264.08","3,236.35",20.92,3241.594,3228.205,3189.6815,28.652,20.925,15.455,89.66969599,90.39272976,88.22362844,61.539,15.625,19.502,0.364,0.995,2.379,75,72.222,101.0285529,24.2725,3225.985167
20170224,"3,253.43","3,246.86","3,253.96","3,233.53",18.64,3251.864,3233.878,3196.196,29.152,22.57,13.164,87.66165646,89.48237199,84.02022538,61.773,16.354,16.354,0.304,0.833,2.242,75,72.222,88.50823899,23.7715,3230.41525
20170227,"3,228.66","3,249.19","3,251.65","3,224.09",18.26,3249.604,3235.06,3200.7905,27.236,23.503,7.465,73.64380701,84.20285033,52.52572036,57.37,54.392,54.392,-0.595,-0.052,1.304,66.667,72.222,47.69399004,24.1035,3230.905542
20170228,"3,241.73","3,225.97","3,242.68","3,225.97",15.12,3247.284,3237.44,3205.7495,26.466,24.096,4.741,70.98878698,79.79816255,53.37003585,58.98,34.321,55.889,-0.202,0.236,1.544,66.667,72.222,43.500865,24.0235,3232.353
20170301,"3,246.93","3,240.07","3,259.98","3,237.87",19.07,3244.426,3240.834,3210.6185,25.977,24.472,3.01,71.88052629,77.15895046,61.32367795,59.613,26.336,42.886,-0.009,0.319,1.514,66.667,70.833,76.19292799,24.215,3233.388792
20170302,"3,230.03","3,250.52","3,256.81","3,228.66",18.12,3240.156,3240.875,3214.1615,23.949,24.367,-0.837,63.82432302,72.71407465,46.04481975,56.647,52.288,85.146,-0.37,-0.234,0.845,58.333,68.056,25.45948097,24.913,3233.341208
20170303,"3,218.31","3,219.20","3,221.16","3,206.61",15.71,3233.132,3242.498,3218.0685,21.153,23.724,-5.144,49.33569797,64.92128242,18.16452907,54.679,70.286,78.078,-0.562,-0.61,0.372,58.333,65.278,-93.61287652,24.7505,3231.099208
20170306,"3,233.87","3,217.33","3,234.66","3,215.07",15.61,3234.174,3241.889,3221.913,19.962,22.972,-6.02,48.70161316,59.514726,27.07538748,56.76,52.567,48.923,0.019,-0.14,0.738,58.333,62.5,-37.88900681,24.5575,3230.245542
20170307,"3,242.41","3,233.09","3,242.66","3,226.82",16.41,3234.31,3240.797,3226.379,19.483,22.274,-5.583,53.23219892,57.42055031,44.85549616,57.869,37.707,32.921,0.212,0.02,0.883,66.667,62.5,8.145048461,24.3745,3233.806833
20170308,"3,240.66","3,240.53","3,245.30","3,230.61",16.07,3233.056,3238.741,3230.063,18.746,21.568,-5.646,56.75476181,57.19862081,55.86704381,57.553,40.752,36.2,0.164,-0.036,0.722,58.333,61.111,11.73352389,23.338,3236.560333
20170309,"3,216.75","3,233.70","3,233.87","3,205.28",16.74,3230.4,3235.278,3231.7415,16.047,20.464,-8.834,44.82614834,53.07446332,28.32951837,53.403,79.031,77.741,-0.421,-0.68,-0.12,50,58.333,-135.331935,23.8935,3233.533708
20170310,"3,212.76","3,213.73","3,222.32","3,208.45",13.67,3229.29,3231.211,3232.5445,13.432,19.058,-11.252,34.44229511,46.86374058,9.599404172,52.741,86.325,81.309,-0.455,-0.68,-0.316,41.667,55.556,-143.3366032,23.4745,3229.534458
20170313,"3,237.02","3,209.45","3,237.12","3,193.16",16.37,3229.92,3232.047,3233.5535,13.165,17.879,-9.428,44.84120682,46.18956266,42.14449513,56.188,34.361,15.88,0.199,0.107,0.328,50,54.167,-76.68099283,24.537,3229.963792
20170314,"3,239.33","3,235.25","3,246.33","3,231.52",14.69,3229.304,3231.807,3234.6235,12.99,16.901,-7.822,54.07324236,48.81745589,64.58481528,56.503,30.904,13.165,0.243,0.215,0.306,50,52.778,37.127833,24.572,3232.046708
20170315,"3,241.76","3,235.40","3,243.71","3,227.74",14.41,3229.524,3231.29,3236.062,12.899,16.101,-6.404,66.51713743,54.71734974,90.11671282,56.844,23.645,8.595,0.321,0.257,0.305,58.333,51.389,36.84764108,23.8985,3235.068833
20170316,"3,268.94","3,247.16","3,269.77","3,247.16",18.94,3239.962,3235.181,3238.028,14.849,15.85,-2.003,77.31695513,62.25055154,107.4497623,60.46,1.083,1.083,1.015,1.026,1.052,58.333,51.389,188.816905,24.1745,3239.965542
20170317,"3,237.45","3,271.87","3,274.19","3,232.28",20.06,3244.9,3237.095,3239.7965,13.695,15.419,-3.448,69.76422621,64.75510976,79.7824591,54.899,45.341,45.341,-0.065,0.078,0.052,50,51.389,83.40103746,24.321,3240.916
20170320,"3,250.81","3,241.11","3,251.13","3,228.12",17.05,3247.658,3238.789,3240.339,13.701,15.076,-2.749,70.22498046,66.57839999,77.51814138,56.664,28.854,28.854,0.152,0.437,0.422,58.333,54.167,49.95336529,23.3465,3243.824125
20170321,"3,261.61","3,250.25","3,262.22","3,246.70",16.27,3252.114,3240.709,3240.753,14.411,14.943,-1.064,74.97494892,69.37724963,86.17034749,58.048,15.525,27.083,0.358,0.658,0.693,66.667,56.944,123.242629,23.3995,3245.243458
20170322,"3,245.22","3,246.22","3,255.78","3,229.13",18.97,3252.806,3241.165,3239.953,13.496,14.653,-2.316,71.39923576,70.05124501,74.09521727,55.253,35.752,62.368,-0.177,0.123,0.167,58.333,58.333,41.65026299,24.1465,3246.172833
20170323,"3,248.55","3,245.81","3,262.09","3,221.93",19.3,3248.728,3244.345,3239.8115,12.89,14.301,-2.821,70.38529001,70.16259334,70.83068334,55.705,31.643,49.062,-0.109,0.21,0.21,58.333,58.333,40.03417254,24.768,3246.359958
20170324,"3,269.45","3,247.35","3,275.21","3,241.12",21.98,3255.128,3250.014,3240.6125,13.936,14.228,-0.583,76.6532564,72.3261477,85.30747381,58.455,7.02,10.811,0.531,0.78,0.816,66.667,59.722,131.850806,25.451,3247.834583
20170327,"3,266.96","3,268.92","3,283.24","3,262.12",20.19,3258.358,3253.008,3242.5275,14.398,14.262,0.273,75.58431088,73.41220209,79.92852846,58.007,26.554,26.554,0.303,0.574,0.722,66.667,62.5,149.7940011,25.04,3252.400625
20170328,"3,252.95","3,265.63","3,265.63","3,246.09",16.17,3256.626,3254.37,3243.0885,13.479,14.105,-1.253,67.25465231,71.3596855,59.04458594,55.511,49.405,49.405,-0.138,0.039,0.3,66.667,63.889,56.02427169,25.248,3253.834
20170329,"3,241.31","3,252.87","3,262.10","3,233.28",21.61,3255.844,3254.325,3242.8075,11.676,13.619,-3.887,55.37305207,66.03080769,34.05754083,53.515,68.39,68.39,-0.392,-0.33,-0.046,58.333,62.5,-2.859145914,25.5835,3250.662292
20170330,"3,210.24","3,235.14","3,240.02","3,195.85",24.71,3248.182,3248.455,3241.818,7.652,12.426,-9.548,42.40417302,58.1552628,10.90199346,48.642,83.534,83.534,-1.17,-1.211,-0.949,50,61.111,-184.481699,26.449,3243.624708
20170331,"3,222.51","3,206.25","3,226.25","3,205.54",19.64,3238.794,3246.961,3242.028,5.391,11.019,-11.256,38.43842301,51.58298287,12.14930329,50.499,69.493,69.493,-0.659,-0.785,-0.562,50,59.722,-162.358046,26.3135,3239.6545
20170405,"3,270.31","3,235.66","3,270.65","3,233.24",24.83,3239.464,3248.911,3243.85,7.371,10.289,-5.836,54.02703427,52.39766667,57.28576946,56.844,14.796,14.796,0.81,0.683,0.876,50,56.944,61.84020612,27.741,3242.591042
20170406,"3,281.00","3,272.19","3,286.67","3,265.76",24.53,3245.074,3250.85,3245.7795,9.691,10.17,-0.957,67.27031676,57.3552167,87.10051688,58.097,6.243,6.243,1.066,0.9,1.161,58.333,55.556,140.7351151,27.9945,3250.462375
20170407,"3,286.62","3,280.62","3,295.19","3,275.05",23.61,3254.136,3254.99,3248.0775,11.847,10.505,2.684,75.30456524,63.33833288,99.23702997,58.754,8.627,8.627,1.065,0.98,1.261,58.333,54.167,152.184527,28.267,3258.528333
20170410,"3,269.39","3,285.46","3,285.46","3,265.01",23.27,3265.966,3257.074,3250.7095,12.027,10.809,2.434,74.87923972,67.18530183,90.26711552,55.947,25.971,25.971,0.39,0.43,0.664,50,52.778,83.04671218,27.5785,3260.44175
20170411,"3,288.97","3,266.22","3,290.39","3,244.40",28.13,3279.258,3259.026,3254.52,13.592,11.366,4.452,81.16571823,71.84544063,99.80627344,58.309,6.261,6.938,0.586,0.919,1.195,58.333,54.167,77.84170903,29.1845,3266.250417
20170412,"3,273.83","3,283.84","3,284.93","3,262.28",26.94,3279.962,3259.713,3256.3605,13.456,11.784,3.344,80.27650795,74.6557964,91.51793104,55.891,21.502,34.479,-0.138,0.389,0.689,50,54.167,64.97799015,28.321,3268.309708
20170413,"3,275.96","3,265.22","3,281.14","3,261.49",20.73,3278.954,3262.014,3258.192,13.366,12.1,2.531,80.39841822,76.57000368,88.05524732,56.158,19.358,37.862,-0.102,0.438,0.709,50,54.167,54.56069914,28.563,3269.686125
20170414,"3,246.07","3,276.14","3,276.71","3,238.90",21.45,3270.844,3262.49,3258.4075,10.758,11.832,-2.147,68.66866104,73.9362228,58.13353753,51.588,49.446,87.262,-0.837,-0.425,-0.248,50,52.778,-24.25489499,29.655,3264.274375
20170417,"3,222.17","3,229.95","3,229.95","3,199.91",21.27,3261.4,3263.683,3256.069,6.687,10.803,-8.233,53.56668083,67.14637548,26.40729154,48.308,76.637,75.398,-1.243,-1.08,-0.994,50,51.389,-136.3706684,30.5625,3256.058083
20170418,"3,196.71","3,215.40","3,225.05","3,196.49",18.87,3242.948,3261.103,3254.032,1.389,8.92,-15.062,35.78541978,56.69272358,-6.029187823,45.119,99.777,99.766,-1.658,-1.75,-1.726,50,51.389,-136.0965956,29.895,3244.987167
20170419,"3,170.69","3,184.67","3,189.44","3,147.07",21.32,3222.32,3251.141,3250.026,-4.853,6.166,-22.037,29.17245646,47.51930121,-7.521233017,42.152,84.053,82.867,-1.864,-2.451,-2.44,50,50,-176.1336225,31.2265,3231.951708
20170420,"3,172.10","3,165.66","3,178.18","3,148.18",19.09,3201.548,3240.251,3245.5505,-9.575,3.017,-25.185,25.26977607,40.10279283,-4.396257434,42.366,83.102,81.331,-1.302,-2.281,-2.309,50,50,-138.821195,31.9505,3221.371375
20170421,"3,173.15","3,170.29","3,180.79","3,158.63",16.48,3186.964,3228.904,3241.947,-13.083,-0.203,-25.76,22.91219791,34.37259452,-0.008595311,42.531,81.803,79.883,-0.74,-2.004,-2.156,50,50,-112.5220455,31.4345,3212.19925
20170424,"3,129.53","3,164.25","3,164.25","3,111.21",18.63,3168.436,3214.918,3235.996,-19.161,-3.994,-30.333,18.79003385,29.17840763,-1.986713709,37.824,89.776,84.571,-1.506,-2.973,-3.367,41.667,48.611,-139.3264893,32.5235,3199.270042
20170425,"3,134.57","3,123.89","3,145.27","3,117.45",15.34,3156.008,3199.478,3229.252,-23.303,-7.856,-30.894,17.10896821,25.15526116,1.016382319,38.643,86.553,79.48,-0.892,-2.434,-3.067,41.667,47.222,-117.0147778,32.21,3187.638833
20170426,"3,140.85","3,132.92","3,152.95","3,131.42",16.99,3150.04,3186.18,3222.9465,-25.781,-11.441,-28.68,17.37576733,22.56209655,7.003108886,39.676,82.558,62.112,-0.401,-1.911,-2.721,50,47.222,-90.25682242,32.2305,3178.365375
20170427,"3,152.19","3,131.35","3,155.00","3,097.33",21.18,3146.058,3173.803,3217.9085,-26.525,-14.458,-24.134,25.3726148,23.49893597,29.11997248,41.53,69.417,34.268,0.057,-1.205,-2.253,50,47.222,-86.28889217,34.0705,3175.373792
20170428,"3,154.66","3,144.02","3,154.73","3,136.58",16.29,3142.36,3164.662,3213.576,-26.608,-16.888,-19.44,31.87749433,26.29178875,43.04890547,41.936,56.771,31.308,0.228,-0.819,-2.057,58.333,48.611,-59.9490134,33.537,3172.755458
20170502,"3,143.71","3,147.23","3,154.78","3,136.54",15.42,3145.196,3156.816,3210.2495,-27.243,-18.959,-16.569,38.03594255,30.20650669,53.69481428,40.632,63.686,30.693,0.036,-0.82,-2.238,50,48.611,-58.38447886,32.176,3168.180292
20170503,"3,135.35","3,138.31","3,148.29","3,123.75",16.38,3145.352,3150.68,3205.8915,-28.097,-20.787,-14.622,40.54221396,33.65174244,54.32315698,39.649,58.723,34.073,-0.261,-0.795,-2.332,50,50,-68.83187269,32.3675,3163.623292
20170504,"3,127.37","3,127.11","3,143.82","3,111.39",17.8,3142.656,3146.348,3198.7445,-29.083,-22.446,-13.275,39.02590604,35.44313031,46.1914575,38.717,64.007,47.911,-0.477,-0.799,-2.421,50,51.389,-81.39121439,31.582,3157.287375
20170505,"3,103.04","3,114.77","3,117.61","3,092.09",17.62,3132.826,3139.442,3189.8465,-31.465,-24.25,-14.43,31.07547468,33.9872451,25.25193385,36.022,87.655,82.594,-1.053,-1.327,-3.006,50,51.389,-134.7134154,32.3005,3148.146833
20170508,"3,078.61","3,090.07","3,093.45","3,067.69",18.05,3117.616,3129.988,3179.446,-34.921,-26.384,-17.074,24.88603592,30.95350871,12.75109035,33.574,88.691,87.461,-1.446,-1.864,-3.604,50,51.389,-195.4376531,33.061,3135.834208
20170509,"3,080.53","3,064.85","3,084.21","3,056.56",13.51,3104.98,3125.088,3170.003,-37.078,-28.523,-17.11,24.70730988,28.87144243,16.37904477,33.942,75.65,75.596,-0.993,-1.564,-3.365,50,50,-187.2129773,33.363,3124.573667
20170510,"3,052.78","3,078.17","3,090.82","3,051.59",16.08,3088.466,3116.909,3158.1935,-40.559,-30.93,-19.258,16.85512629,24.86600372,0.833371433,31.323,98.849,98.769,-1.405,-2.137,-3.963,41.667,48.611,-157.2977298,33.025,3111.1365
20170511,"3,061.50","3,036.79","3,063.56","3,016.53",19.13,3075.292,3108.974,3147.577,-42.128,-33.17,-17.917,22.07942717,23.93714487,18.36399178,33.018,67.524,64.671,-0.729,-1.678,-3.41,50,48.611,-151.2557431,34.042,3102.562167
20170512,"3,083.51","3,054.11","3,090.49","3,051.87",15.97,3071.386,3102.106,3137.9545,-41.122,-34.76,-12.724,30.86910576,26.2477985,40.11172028,37.105,51.552,33.736,0.223,-0.836,-2.456,50,48.611,-75.53710363,34.9905,3097.513625
20170515,"3,090.23","3,085.93","3,098.91","3,085.93",13.57,3073.71,3095.663,3130.1625,-39.329,-35.674,-7.31,39.22441497,30.57333732,56.52657027,38.304,46.691,10.537,0.511,-0.485,-2.012,50,48.611,-34.125411,33.87,3097.098125
20170516,"3,112.96","3,082.87","3,113.51","3,060.53",17.38,3080.196,3092.588,3124.702,-35.662,-35.671,0.018,51.40165911,37.51611125,79.17275482,42.195,26.814,0.567,1.062,0.353,-1.061,50,48.611,-20.65124947,34.211,3100.635292
20170517,"3,104.44","3,107.80","3,119.58","3,101.30",16.87,3090.528,3089.497,3120.0885,-33.063,-35.15,4.173,62.70380702,45.91200984,96.28740139,41.179,30.937,14.692,0.655,0.213,-1.11,41.667,47.222,15.08332003,33.697,3101.176083
20170518,"3,090.14","3,082.33","3,103.44","3,077.96",14.86,3096.256,3085.774,3116.061,-31.791,-34.478,5.374,65.61298602,52.4790019,91.88095426,39.514,28.569,28.569,-0.01,-0.104,-1.322,41.667,47.222,-23.22896284,32.539,3100.602333
20170519,"3,090.63","3,086.71","3,095.48","3,081.28",12.96,3097.68,3084.533,3111.9875,-30.393,-33.661,6.537,67.71093779,57.55631386,88.02018565,39.601,28.093,42.756,-0.151,0.032,-1.102,50,47.222,-18.46477106,31.749,3098.005208
20170522,"3,075.68","3,087.17","3,103.94","3,063.15",15.37,3094.77,3084.24,3107.114,-30.143,-32.957,5.628,64.2737321,59.79545328,73.23028975,37.86,42.601,74.344,-0.593,-0.313,-1.387,50,47.222,-36.34065239,32.6805,3092.987042
20170523,"3,061.95","3,069.39","3,084.24","3,050.84",17.83,3084.568,3082.382,3103.735,-30.7,-32.506,3.612,57.54105187,59.04398614,54.53518333,36.329,55.924,83.838,-0.885,-0.648,-1.651,50,47.222,-83.74307392,31.2535,3087.75875
20170524,"3,064.08","3,047.57","3,064.81","3,022.30",13.98,3076.496,3083.512,3100.2105,-30.616,-32.128,3.024,52.67676484,56.92157904,44.18713645,36.743,53.857,57.052,-0.554,-0.54,-1.442,58.333,48.611,-135.1340006,31.988,3082.32575
20170525,"3,107.83","3,055.34","3,114.66","3,052.83",19.14,3080.034,3088.145,3098.5595,-26.711,-31.045,8.667,64.42499783,59.42271864,74.42955622,44.48,12.079,7.395,0.847,0.806,0.052,58.333,51.389,62.04582139,34.003,3085.302167
20170526,"3,110.06","3,101.29","3,120.66","3,100.39",15.59,3083.92,3090.8,3096.453,-23.17,-29.47,12.6,72.69108572,63.84550767,90.38224183,44.839,10.777,10.777,0.811,0.723,0.208,66.667,55.556,124.438161,32.133,3090.808042
20170531,"3,117.18","3,125.33","3,143.28","3,111.56",15.29,3092.22,3093.495,3094.579,-19.563,-27.488,15.85,74.60278586,67.43126706,88.94582346,46.002,21.574,21.574,0.897,0.802,0.454,66.667,58.333,148.0794948,32.8865,3097.030792
20170601,"3,102.62","3,108.42","3,113.52","3,097.68",16.3,3100.354,3092.461,3092.5245,-17.676,-25.526,15.7,71.86557025,68.90936813,77.7779745,44.022,33.609,33.609,0.28,0.279,0.028,58.333,59.722,67.3133477,32.9495,3097.603625
20170602,"3,105.54","3,094.23","3,110.39","3,081.85",14.25,3108.646,3092.571,3091.034,-15.763,-23.573,15.62,70.84530054,69.55467893,73.42654376,44.521,31.195,31.195,0.139,0.332,0.17,58.333,61.111,38.98528075,33.1495,3098.989542
20170605,"3,091.66","3,102.11","3,105.51","3,084.83",13.26,3105.412,3092.723,3089.2485,-15.192,-21.897,13.41,66.34079715,68.48338501,62.05562145,42.634,42.668,57.07,-0.456,-0.059,-0.197,50,59.722,7.393678052,32.5635,3097.121917
20170606,"3,102.13","3,084.54","3,102.86","3,078.79",11.34,3103.826,3093.873,3089.203,-13.736,-20.265,13.057,66.22256924,67.72977975,63.20814821,44.486,34.014,63.808,-0.088,0.286,0.212,58.333,59.722,9.402270757,32.003,3096.784083
20170607,"3,140.32","3,101.76","3,140.77","3,098.95",17.32,3108.454,3100.337,3092.2885,-9.392,-18.09,17.396,76.66615102,70.70857017,88.58131272,50.564,2.447,4.59,0.978,1.383,1.45,66.667,59.722,143.1297005,32.3265,3102.760042
20170608,"3,150.33","3,136.47","3,153.26","3,132.83",15.23,3117.996,3109.175,3095.7785,-5.084,-15.489,20.811,83.4716157,74.96291868,100.4890097,52.001,2.237,3.934,1.12,1.543,1.753,66.667,59.722,179.3683552,31.9655,3111.146708
20170609,"3,158.40","3,147.45","3,165.92","3,146.11",16.01,3128.568,3118.607,3101.0595,-1.006,-12.592,23.172,86.10414994,78.67666243,100.9591249,53.147,6.65,8.631,1.078,1.578,1.971,75,62.5,165.3900322,30.9945,3121.203625
20170612,"3,139.88","3,149.53","3,164.95","3,135.31",14.67,3138.212,3121.812,3104.9785,0.722,-9.93,21.304,80.7739744,79.37576642,83.57039035,50.273,29.886,29.886,0.301,0.772,1.323,75,65.278,109.7324563,30.125,3125.201083
20170613,"3,153.74","3,134.01","3,155.99","3,131.04",12.83,3148.534,3126.18,3108.49,3.174,-7.309,20.966,82.52294571,80.42482618,86.71918476,52.288,13.979,13.979,0.412,0.974,1.668,75,69.444,92.93985511,29.4415,3130.817708
20170614,"3,130.67","3,146.75","3,149.17","3,125.35",13.83,3146.604,3127.529,3110.512,3.219,-5.203,16.844,74.86303424,78.57089554,67.44731164,48.85,40.457,52.636,-0.473,0.175,0.856,66.667,70.833,52.319614,30.091,3130.677375
20170615,"3,132.49","3,125.59","3,137.59","3,117.08",14.7,3143.036,3130.516,3111.4885,3.362,-3.49,13.704,70.45270418,75.86483175,59.62844904,49.125,38.368,68.448,-0.374,0.173,0.807,66.667,70.833,24.81205898,28.4675,3130.446708
20170616,"3,123.17","3,126.37","3,134.25","3,117.86",12.97,3135.99,3132.279,3112.425,2.692,-2.254,9.892,63.94693076,71.89219809,48.0563961,47.752,49.065,87.531,-0.527,-0.141,0.424,58.333,69.444,3.567273825,28.373,3127.126458
20170619,"3,144.37","3,122.16","3,146.77","3,121.78",13.49,3136.888,3137.55,3115.1365,3.828,-1.037,9.731,65.2384247,69.67427362,56.36672684,51.003,24.733,42.991,0.223,0.425,1.023,66.667,68.056,46.57335223,28.2985,3129.231208
20170620,"3,140.01","3,148.02","3,150.46","3,134.61",14.12,3134.142,3141.338,3117.6055,4.327,0.035,8.583,59.14202378,66.16352368,45.09902399,50.331,38.689,41.069,0.083,0.194,0.816,58.333,65.278,55.5065061,28.381,3131.198667
20170621,"3,156.21","3,148.99","3,157.03","3,132.62",13.67,3139.25,3142.927,3121.632,5.96,1.22,9.48,66.13426756,66.15377164,66.09525941,52.746,19.881,2.053,0.586,0.538,1.278,66.667,63.889,73.61781235,27.562,3136.406333
20170622,"3,147.45","3,152.24","3,186.98","3,146.64",19.13,3142.242,3142.639,3125.907,6.474,2.271,8.405,58.57210589,63.62654972,48.46321822,51.338,56.552,56.552,0.218,0.139,0.938,58.333,62.5,112.9751351,27.909,3139.375083
20170623,"3,157.87","3,138.44","3,158.05","3,118.09",15.48,3149.182,3142.586,3130.5965,7.633,3.343,8.579,58.49966811,61.91758918,51.66382597,52.899,41.645,42.115,0.414,0.424,1.181,58.333,61.111,34.51978179,27.7815,3143.458917
20170626,"3,185.44","3,157.00","3,187.89","3,156.98",17.36,3157.396,3147.142,3134.477,10.654,4.806,11.697,71.17979098,65.00498978,83.52939338,56.731,3.46,3.51,0.958,1.206,1.935,58.333,61.111,212.3023388,26.2355,3150.190917
20170627,"3,191.20","3,183.42","3,193.46","3,172.46",14.82,3167.634,3150.888,3138.534,13.359,6.516,13.685,79.80023073,69.93673677,99.52721867,57.485,2.959,2.999,0.891,1.301,1.963,58.333,59.722,203.1795714,26.272,3157.485583
20170628,"3,173.20","3,183.63","3,193.44","3,170.79",14.65,3171.032,3155.141,3141.335,13.89,7.991,11.797,77.60050656,72.4913267,87.81886627,54.394,26.525,26.881,0.146,0.641,1.238,58.333,59.722,126.5731231,25.7435,3161.540417
20170629,"3,188.06","3,174.98","3,188.77","3,174.28",12.88,3179.154,3160.698,3145.607,15.333,9.459,11.747,82.67878625,75.88714655,96.26206565,56.413,7.143,7.165,0.447,1.021,1.544,58.333,58.333,118.6653311,25.547,3164.868833
20170630,"3,192.43","3,176.95","3,193.24","3,171.57",12.15,3186.066,3167.624,3149.9515,16.637,10.895,11.485,87.99699367,79.92376225,104.1434565,56.997,1.367,1.367,0.348,0.995,1.569,66.667,59.722,102.2089351,25.2035,3169.218292
20170703,"3,195.91","3,192.00","3,196.29","3,177.02",14.03,3188.16,3172.778,3155.164,17.747,12.265,10.964,91.83601795,83.89451415,107.7190255,57.471,0.486,0.967,0.257,0.936,1.565,66.667,61.111,96.51670379,25.1315,3175.320167
20170704,"3,182.80","3,192.89","3,193.06","3,174.31",14.11,3186.48,3177.057,3159.1975,17.369,13.286,8.166,88.80713217,85.53205349,95.35728952,55.085,17.251,52.902,-0.14,0.364,1.06,66.667,62.5,66.45571987,25.008,3177.0225
20170705,"3,207.13","3,179.22","3,207.31","3,174.71",14.83,3193.266,3182.149,3162.538,18.815,14.392,8.847,92.47083862,87.84498187,101.7225521,58.427,0.202,0.493,0.539,0.965,1.692,66.667,63.889,94.93456876,24.547,3181.053875
20170706,"3,212.44","3,203.86","3,215.95","3,188.77",17.58,3198.142,3188.648,3165.6435,20.158,15.545,9.226,92.99649939,89.56215437,99.86518941,59.119,3.587,7.909,0.5,0.94,1.717,75,66.667,117.2065379,24.8845,3186.351708
20170707,"3,217.96","3,203.82","3,219.52","3,195.29",17.67,3203.248,3194.657,3168.6215,21.42,16.72,9.4,94.26389514,91.12940129,100.5328828,59.845,2.494,3.253,0.516,0.951,1.722,75,69.444,129.9434664,25.1055,3192.5585
20170710,"3,212.63","3,208.46","3,223.34","3,203.21",19.89,3206.592,3197.376,3172.259,21.74,17.724,8.032,89.38240012,90.54706757,87.05306522,58.793,20.381,21.844,0.244,0.612,1.406,75,70.833,131.5697061,24.63,3196.125792
20170711,"3,203.04","3,201.52","3,226.91","3,199.22",18.78,3210.64,3198.56,3174.724,20.978,18.375,5.206,78.54381427,86.54598314,62.53947654,56.916,42.534,45.38,-0.092,0.194,1.02,66.667,70.833,103.1455746,24.767,3197.196833
20170712,"3,197.54","3,201.93","3,215.20","3,177.93",18.69,3208.722,3200.994,3178.0675,19.703,18.641,2.125,68.0052365,80.36573426,43.28424098,55.848,53.072,56.264,-0.34,-0.01,0.784,58.333,69.444,34.37029448,25.211,3197.197292
20170713,"3,218.16","3,192.36","3,219.27","3,190.34",19.53,3209.866,3204.004,3182.351,20.124,18.937,2.374,73.125164,77.95221084,63.47107033,58.866,15.811,17.864,0.245,0.564,1.354,58.333,68.056,85.97065805,25.632,3199.75025
20170714,"3,222.42","3,212.03","3,222.98","3,204.85",16.01,3210.758,3207.003,3187.3135,20.565,19.263,2.604,79.23806878,78.38083015,80.95254603,59.464,8.536,9.167,0.326,0.568,1.379,66.667,66.667,111.8933171,25.719,3204.047125
20170717,"3,176.46","3,219.79","3,230.35","3,139.50",26.62,3203.524,3205.058,3188.918,17.01,18.812,-3.605,66.38619371,74.38261801,50.39334513,51.109,59.318,59.318,-0.892,-0.836,-0.097,58.333,63.889,-87.16219638,29.012,3200.72075
20170718,"3,187.57","3,159.73","3,187.67","3,150.13",19.06,3200.43,3205.535,3191.296,14.916,18.033,-6.233,61.89459328,70.2199431,45.24389364,52.782,47.089,47.089,-0.415,-0.477,0.178,58.333,61.111,-122.8916306,30.0965,3197.620667
20170719,"3,230.98","3,181.40","3,232.94","3,179.73",27.24,3207.118,3207.92,3195.0345,16.569,17.74,-2.342,73.89719461,71.4456936,78.80019662,58.565,2.098,2.098,0.794,0.787,1.411,58.333,59.722,83.75600797,31.5365,3201.163417
20170720,"3,244.86","3,227.51","3,246.24","3,225.43",23.21,3212.458,3211.162,3199.905,18.783,17.949,1.668,82.16717602,75.01952107,96.46248591,60.191,1.293,1.293,0.979,1.057,1.685,66.667,61.111,176.7201442,30.56,3211.345625
20170721,"3,237.98","3,236.59","3,247.71","3,231.96",20.6,3215.57,3213.164,3203.9105,19.754,18.31,2.889,85.11419226,78.38441147,98.57375385,58.993,8.992,8.992,0.661,0.762,1.346,58.333,61.111,152.68731,29.3495,3218.016375
20170724,"3,250.60","3,230.90","3,261.10","3,230.07",23.31,3230.398,3216.961,3207.1685,21.297,18.907,4.779,87.1978387,81.32222055,98.94907501,60.498,8.635,8.635,0.906,1.054,1.594,58.333,59.722,163.8378968,29.3555,3222.435042
20170725,"3,243.69","3,249.14","3,261.65","3,233.14",20.56,3241.622,3221.026,3209.793,21.712,19.468,4.487,86.56414789,83.06952966,93.55338435,59.256,14.703,16.105,0.343,0.772,1.263,50,58.333,127.9438613,29.731,3226.330958
20170726,"3,247.67","3,244.46","3,264.85","3,228.04",21.35,3244.96,3226.039,3213.5165,22.106,19.996,4.221,86.47422384,84.20442772,91.01381609,59.752,13.706,20.183,0.155,0.805,1.255,58.333,58.333,104.7557752,30.439,3231.3035
20170727,"3,249.78","3,243.76","3,251.93","3,220.64",22.85,3245.944,3229.201,3216.6025,22.332,20.463,3.738,86.97537008,85.12807517,90.66995988,60.022,12.022,34.087,0.124,0.748,1.2,66.667,59.722,69.80359613,31.225,3233.76375
20170728,"3,253.24","3,240.17","3,256.37","3,232.96",18.22,3248.996,3232.283,3219.643,22.531,20.877,3.308,87.94348242,86.06654426,91.69735875,60.475,9.262,26.261,0.187,0.711,1.219,75,61.111,78.14834422,31.312,3236.829292
20170731,"3,273.03","3,252.75","3,276.95","3,251.19",24.6,3253.482,3241.94,3223.499,24.008,21.503,5.01,90.61829089,87.58379314,96.68728641,62.979,3.091,6.961,0.616,1.18,1.726,75,63.889,116.5100744,31.6365,3242.510167
20170801,"3,292.64","3,274.37","3,292.64","3,273.50",23.72,3263.272,3252.447,3228.991,26.456,22.494,7.926,93.74552726,89.63770451,101.9611728,65.255,0,0,1.001,1.602,2.178,75,66.667,150.8610486,31.537,3250.669417
20170802,"3,285.06","3,288.52","3,305.43","3,282.04",26.67,3270.75,3257.855,3232.8875,27.468,23.489,7.96,87.82233169,89.03258024,85.40183461,63.676,24.024,24.024,0.556,1.086,1.815,75,70.833,147.4708167,31.0765,3258.281458
20170803,"3,272.93","3,279.99","3,293.37","3,262.16",23.33,3275.38,3260.662,3235.912,26.981,24.187,5.587,79.10489055,85.72335034,65.86797096,61.203,38.33,38.33,0.056,0.493,1.334,66.667,72.222,93.87236338,31.278,3261.860083
20170804,"3,262.08","3,269.32","3,287.19","3,261.31",27.59,3277.148,3263.072,3238.118,25.425,24.435,1.981,69.02782301,80.15817457,46.7671199,59.062,51.126,59.818,-0.339,0.08,0.912,58.333,70.833,67.91998072,31.3605,3261.025333
20170807,"3,279.46","3,257.67","3,280.10","3,243.72",23.12,3278.434,3265.958,3241.4595,25.304,24.608,1.39,69.14234472,76.48623128,54.45457159,61.324,30.629,42.084,0.059,0.525,1.323,58.333,68.056,45.40147926,32.173,3263.207375
20170808,"3,281.87","3,277.19","3,285.48","3,269.66",25.2,3276.28,3269.776,3245.401,25.112,24.709,0.806,70.16613129,74.37953129,61.73933131,61.63,27.786,38.179,0.087,0.486,1.3,66.667,66.667,75.77395577,31.5795,3266.220458
20170809,"3,275.57","3,277.81","3,277.94","3,263.85",23.56,3274.382,3272.566,3249.3025,24.173,24.602,-0.857,66.37633536,71.71179931,55.70540745,60.325,35.216,48.388,-0.018,0.229,1.024,58.333,63.889,42.120238,30.617,3268.128958
20170810,"3,261.75","3,269.73","3,282.52","3,236.18",24.07,3272.146,3273.763,3251.482,22.06,24.094,-4.067,56.55895281,66.66085048,36.35515748,57.537,60.273,55.289,-0.322,-0.24,0.541,58.333,61.111,-19.50029415,31.4875,3266.603
20170811,"3,208.54","3,237.92","3,245.12","3,200.75",26.3,3261.438,3269.293,3250.788,15.908,22.456,-13.097,40.18654426,57.83608174,4.887469314,48.526,92.558,90.988,-1.625,-1.769,-1.094,50,58.333,-181.5977653,33.631,3256.820542
20170814,"3,237.36","3,206.04","3,240.05","3,206.04",19.03,3253.018,3265.726,3253.833,13.206,20.606,-14.801,38.44878011,51.37364786,12.59904461,52.712,65.027,56.792,-0.616,-0.855,-0.25,50,56.944,-124.6310619,30.789,3253.108875
20170815,"3,251.26","3,235.23","3,263.59","3,235.10",18.23,3246.896,3261.588,3257.0175,12.047,18.895,-13.695,43.81073932,48.85267835,33.72686127,54.571,51.748,40.387,-0.045,-0.425,0.109,50,55.556,-42.29114722,30.3365,3251.814583
20170816,"3,246.45","3,247.85","3,248.78","3,228.87",17.69,3241.072,3257.727,3257.791,10.618,17.239,-13.242,46.83017359,48.1785101,44.13350057,53.807,50.659,44.112,-0.011,-0.505,-0.075,41.667,51.389,-75.71136815,28.7955,3253.137542
20170817,"3,268.43","3,253.85","3,269.14","3,251.46",20.36,3242.408,3257.277,3258.9695,11.131,16.018,-9.773,57.84586811,51.40096277,70.7356788,56.697,21.703,17.231,0.702,0.231,0.542,41.667,48.611,3.515863545,28.8895,3255.219458
20170818,"3,268.72","3,253.24","3,275.08","3,248.08",19.11,3254.444,3257.941,3260.5065,11.429,15.1,-7.341,65.30375235,56.03522596,83.84080513,56.735,19.78,8.556,0.675,0.282,0.432,50,47.222,8.420833767,29.452,3257.008708
20170821,"3,286.91","3,274.58","3,287.52","3,270.48",18.61,3264.354,3258.686,3262.322,12.984,14.677,-3.386,76.63483225,62.90176139,104.100974,59.042,0.703,0.749,0.83,0.804,0.863,58.333,48.611,84.54537363,28.8405,3264.390917
20170822,"3,290.23","3,287.61","3,293.48","3,274.94",18.65,3272.148,3259.522,3264.649,14.319,14.605,-0.573,83.25495521,69.68615933,110.392547,59.454,3.505,5.03,0.66,0.833,0.888,66.667,51.389,106.8672543,28.342,3269.578708
20170823,"3,287.70","3,283.80","3,299.46","3,274.44",17.98,3280.398,3260.735,3266.6505,14.999,14.684,0.631,84.86540795,74.74590887,105.1044061,58.982,11.914,16.66,0.396,0.734,0.756,58.333,52.778,103.9349459,27.7525,3273.35075
20170824,"3,271.51","3,287.96","3,297.99","3,266.36",16.35,3281.014,3261.711,3267.737,14.07,14.561,-0.982,79.93738965,76.47640246,86.85936401,56.015,28.315,54.399,-0.226,0.265,0.217,50,54.167,64.25625241,27.7695,3273.167375
20170825,"3,331.52","3,271.46","3,331.91","3,271.46",20.58,3293.574,3274.009,3271.651,17.969,15.243,5.452,86.49876183,79.81718892,99.86190766,63.179,0.31,0.465,1.28,1.958,1.95,58.333,56.944,157.0694769,29.6215,3281.381083
20170828,"3,362.65","3,336.13","3,375.03","3,336.13",25.75,3308.722,3286.538,3276.132,23.302,16.855,12.895,88.17578466,82.6033875,99.32057899,66.162,8.47,11.392,1.742,2.647,2.746,66.667,59.722,229.8320697,30.509,3294.763
20170829,"3,365.23","3,362.06","3,374.59","3,354.46",21.95,3323.722,3297.935,3279.7615,27.421,18.968,16.906,89.54399823,84.91692441,98.79814587,66.397,6.705,9.018,1.419,2.318,2.672,75,62.5,182.4888094,30.535,3310.008083
20170830,"3,363.63","3,361.82","3,376.65","3,357.08",24.69,3338.908,3309.653,3283.69,30.208,21.216,17.984,89.65373909,86.49586264,95.969492,66.1,10.127,11.805,0.999,1.943,2.474,66.667,62.5,143.9264634,30.344,3319.355
20170831,"3,360.81","3,361.46","3,367.36","3,340.69",23.44,3356.768,3318.891,3288.084,31.822,23.337,16.969,88.315114,87.10227976,90.74078248,65.559,12.32,14.362,0.546,1.576,2.249,58.333,62.5,101.7022226,30.117,3325.628708
20170901,"3,367.12","3,365.99","3,381.93","3,358.47",28.25,3363.888,3328.731,3293.336,33.227,25.315,15.824,87.93849456,87.38101803,89.05344763,66.204,12.815,13.406,0.257,1.459,2.319,66.667,65.278,101.5813805,29.996,3333.596917
20170904,"3,379.58","3,369.72","3,381.40","3,359.13",26.74,3367.274,3337.998,3298.342,34.944,27.241,15.406,91.28119648,88.68107751,96.48143443,67.46,2.033,5.131,0.388,1.551,2.585,66.667,66.667,91.4401054,29.2905,3340.495708
20170905,"3,384.32","3,377.20","3,390.82","3,371.57",21.66,3371.092,3347.407,3303.4645,36.268,29.046,14.444,92.4466105,89.93625518,97.46732115,67.933,5.223,12.966,0.421,1.4,2.6,66.667,66.667,90.35343755,29.462,3347.04675
20170906,"3,385.39","3,372.43","3,391.01","3,364.76",22.91,3375.444,3357.176,3308.9555,36.978,30.633,12.691,93.39741969,91.08997668,98.0123057,68.043,4.509,11.169,0.353,1.183,2.487,66.667,65.278,77.23227569,29.8735,3352.833667
20170907,"3,365.50","3,383.63","3,387.80","3,363.18",22.11,3376.382,3366.575,3314.143,35.526,31.611,7.83,80.10386774,87.42794037,65.45572249,63.818,21.338,50.696,-0.246,0.4,1.752,58.333,63.889,57.3613144,28.7875,3354.60325
20170908,"3,365.24","3,364.43","3,380.89","3,353.69",19.84,3376.006,3369.947,3321.978,33.963,32.082,3.763,69.66516461,81.50701511,45.9814636,63.764,46.957,69.051,-0.275,0.199,1.634,58.333,63.889,41.92369256,27.0975,3356.772
20170911,"3,376.42","3,365.35","3,384.81","3,360.05",21.9,3375.374,3371.324,3328.931,33.243,32.314,1.858,70.11196454,77.70866492,54.91856376,65.09,28.994,39.094,0.01,0.271,1.85,66.667,63.889,53.87852908,26.635,3360.335875
20170912,"3,379.49","3,381.49","3,391.07","3,370.85",27.29,3374.408,3372.75,3335.3425,32.545,32.36,0.37,72.41287248,75.94340077,65.35181589,65.452,22.985,30.979,0.102,0.243,1.81,66.667,63.889,73.21424328,26.2215,3364.100208
20170913,"3,384.15","3,374.72","3,387.14","3,366.54",19.46,3374.16,3374.802,3342.2275,31.999,32.288,-0.578,75.4377238,75.77484178,74.76348783,66.01,13.736,18.513,0.24,0.328,1.794,66.667,63.889,75.9971712,26.132,3367.838125
20170914,"3,371.43","3,383.47","3,391.64","3,361.33",22.13,3375.346,3375.864,3347.3775,30.192,31.869,-3.353,65.87372188,72.47446848,52.67222868,63.105,53.254,53.254,-0.067,-0.064,1.205,58.333,62.5,35.79375267,26.513,3368.257292
20170915,"3,353.62","3,365.15","3,365.53","3,345.33",21.98,3373.022,3374.514,3351.6225,27.011,30.897,-7.772,49.88284835,64.94392844,19.76068816,59.292,82.099,82.099,-0.537,-0.567,0.524,58.333,62.5,-155.4960119,26.468,3366.459167
20170918,"3,362.86","3,352.51","3,371.75","3,352.51",19.03,3370.31,3372.842,3355.42,24.949,29.708,-9.518,45.87309734,58.58698474,20.44532255,60.582,62.146,62.146,-0.251,-0.298,0.661,66.667,63.889,-79.0459825,26.49,3365.577917
20170919,"3,356.84","3,365.53","3,370.40","3,344.71",19.11,3365.78,3370.094,3358.7505,22.568,28.28,-11.423,39.19773362,52.12390103,13.3453988,59.305,74.153,74.153,-0.333,-0.452,0.342,58.333,62.5,-110.0187967,26.8475,3364.164708
20170920,"3,366.00","3,352.18","3,370.10","3,346.54",19.22,3362.15,3368.155,3362.6655,21.177,26.859,-11.365,41.25363504,48.50047904,26.75994706,60.623,54.635,54.635,0.005,-0.146,0.494,58.333,61.111,-86.58129346,26.7745,3365.330125
20170921,"3,357.81","3,364.70","3,377.88","3,356.88",19.74,3359.426,3367.386,3366.9805,19.192,25.326,-12.268,36.80706148,44.60267318,21.21583806,58.845,72.086,72.086,-0.108,-0.324,0.139,50,58.333,-50.95711058,26.243,3364.33825
20170922,"3,352.53","3,347.16","3,356.45","3,334.98",17.92,3359.208,3366.115,3368.031,16.997,23.66,-13.327,34.86278507,41.35604381,21.87626759,57.706,69.026,59.091,-0.171,-0.4,-0.1,41.667,55.556,-147.6258199,24.362,3362.769625
20170925,"3,341.55","3,344.59","3,350.96","3,334.94",16.96,3354.946,3362.628,3366.976,14.207,21.769,-15.124,27.12780616,36.61329793,8.156822614,55.381,88.342,84.606,-0.438,-0.667,-0.491,41.667,52.778,-156.5949395,23.066,3359.4665
20170926,"3,343.58","3,336.35","3,347.16","3,332.60",13.26,3352.294,3359.037,3365.8935,12.022,19.82,-15.596,24.2843911,32.50366232,7.845848654,55.725,81.402,75.751,-0.282,-0.554,-0.5,50,50,-139.8436718,22.7875,3356.755458
20170927,"3,345.27","3,340.82","3,349.69","3,340.30",14.31,3348.148,3355.149,3364.9755,10.307,17.917,-15.22,25.51674365,30.17468943,16.2008521,56.02,78.54,72.019,-0.175,-0.426,-0.54,50,48.611,-96.50547912,22.2785,3354.789917
20170928,"3,339.64","3,343.84","3,344.60","3,336.18",14.94,3344.514,3351.97,3363.917,8.398,16.013,-15.231,22.19373016,27.51436967,11.55245114,54.753,84.452,84.452,-0.212,-0.496,-0.718,41.667,45.833,-105.0154213,21.3995,3352.437583
20170929,"3,348.94","3,340.31","3,357.02","3,340.31",14.49,3343.796,3351.502,3363.008,7.548,14.32,-13.545,26.82467759,27.28447231,25.90508814,56.451,63.913,33.088,0.11,-0.131,-0.424,41.667,44.444,-49.12810617,21.0955,3351.553875
20171009,"3,374.38","3,403.25","3,410.17","3,366.97",19.17,3350.362,3352.654,3362.748,8.825,13.221,-8.792,35.83679464,30.13524642,47.23989108,60.663,46.139,46.139,0.761,0.62,0.321,50,45.833,152.1956913,23.0435,3354.886583
20171010,"3,382.99","3,373.34","3,384.03","3,358.80",17.94,3358.244,3355.269,3362.6815,10.412,12.659,-4.495,45.54475665,35.27174983,66.09077029,61.963,35.039,35.039,0.81,0.803,0.553,58.333,48.611,107.3035128,23.3425,3360.821
20171011,"3,388.28","3,381.49","3,395.78","3,379.16",18.15,3366.846,3357.497,3362.826,11.959,12.519,-1.121,54.28994692,41.61114886,79.64754303,62.751,28.22,29.585,0.744,0.897,0.676,58.333,50,160.8278105,22.861,3366.527542
20171012,"3,386.10","3,385.53","3,390.20","3,372.53",16.18,3376.138,3360.326,3363.856,12.86,12.587,0.546,59.18328548,47.46852773,82.61280098,62.197,31.03,32.531,0.476,0.759,0.587,58.333,51.389,110.1354326,22.5135,3370.072542
20171013,"3,390.52","3,384.49","3,395.75","3,383.24",14,3384.454,3364.125,3365.12,13.773,12.825,1.897,64.34487091,53.09397546,86.84666181,62.891,25.332,28.128,0.355,0.829,0.705,58.333,54.167,116.1086333,21.779,3373.646875
20171016,"3,378.47","3,393.21","3,400.51","3,374.77",17.43,3385.272,3367.817,3365.2225,13.37,12.934,0.872,61.94870477,56.0455519,73.75501051,59.769,40.866,61.709,-0.147,0.42,0.354,58.333,56.944,79.71381863,21.828,3374.515833
20171017,"3,372.04","3,373.23","3,382.41","3,365.56",12.54,3383.082,3370.663,3364.85,12.388,12.825,-0.872,57.45447282,56.5151922,59.33303405,58.162,51.534,68.257,-0.326,0.18,0.18,58.333,58.333,32.12400848,21.6595,3373.56
20171018,"3,381.79","3,373.53","3,383.23","3,371.92",15.72,3381.784,3374.315,3364.732,12.256,12.711,-0.909,58.09494676,57.04177706,60.20128617,59.87,38.357,53.562,-0.032,0.37,0.449,66.667,59.722,47.22042616,21.195,3373.591333
20171019,"3,370.17","3,374.64","3,378.74","3,359.63",15.85,3378.598,3377.368,3364.669,11.086,12.386,-2.6,46.1078115,53.39712187,31.52919076,56.978,57.257,74.217,-0.286,-0.041,0.098,58.333,59.722,8.250332932,20.7875,3372.683292
20171020,"3,378.65","3,363.51","3,379.77","3,360.10",12.72,3376.224,3380.339,3365.9205,10.719,12.053,-2.667,46.60204296,51.13209557,37.54193774,58.504,61.359,53.474,0.001,0.128,0.347,58.333,59.722,14.77984593,20.466,3373.932
20171023,"3,380.70","3,382.28","3,385.29","3,374.70",13.08,3376.67,3380.971,3366.8125,10.473,11.737,-2.527,48.24839394,50.17086169,44.40345843,58.872,47.495,48.459,0.11,0.087,0.407,66.667,61.111,42.7017954,20.0335,3374.510417
20171024,"3,388.25","3,376.60","3,388.69","3,374.12",13.99,3379.912,3381.497,3368.383,10.764,11.542,-1.557,55.50219087,51.94797142,62.61062977,60.228,29.99,1.514,0.286,0.214,0.626,66.667,62.5,56.28110829,19.4775,3377.636167
20171025,"3,396.90","3,384.86","3,398.30","3,382.03",12.31,3382.934,3382.359,3369.928,11.558,11.545,0.026,67.39121922,57.09572068,87.9822163,61.736,8.831,3.62,0.418,0.414,0.851,66.667,63.889,115.9502643,19.113,3381.04825
20171026,"3,407.57","3,397.52","3,414.24","3,391.45",18.38,3390.414,3384.506,3372.416,12.9,11.816,2.168,74.1895194,62.79365359,96.98125102,63.516,12.214,12.214,0.606,0.668,1.1,66.667,63.889,215.2184675,19.2025,3385.495667
20171027,"3,416.81","3,404.50","3,421.10","3,402.11",17.03,3398.046,3387.135,3375.63,14.542,12.362,4.361,80.46667488,68.68466069,104.0307033,64.989,6.979,7.033,0.648,0.87,1.307,66.667,65.278,210.1970024,19.0105,3391.216875
20171030,"3,390.34","3,413.87","3,419.73","3,357.28",20.83,3399.974,3388.322,3378.0695,13.551,12.599,1.903,70.91176424,69.42702854,73.88123565,57.993,48.198,48.198,-0.189,0.078,0.48,66.667,66.667,24.28237037,21.2535,3391.8555
20171031,"3,393.34","3,381.00","3,397.10","3,376.12",15.35,3400.992,3390.452,3380.5575,12.859,12.651,0.416,66.10873074,68.32092927,61.68433368,58.521,43.497,43.497,-0.163,0.16,0.535,66.667,66.667,21.4497322,21.5745,3391.877083
20171101,"3,395.91","3,393.97","3,410.35","3,388.60",18.06,3400.794,3391.864,3383.0895,12.376,12.596,-0.441,64.24902534,66.96362796,58.8198201,58.982,39.47,39.47,-0.125,0.193,0.564,75,68.056,78.43117612,22.1925,3391.450917
20171102,"3,383.31","3,391.65","3,391.65","3,372.21",16.69,3395.942,3393.178,3385.273,10.851,12.247,-2.792,56.42821265,63.45182286,42.38099224,55.81,59.213,59.213,-0.429,-0.207,0.153,75,69.444,-29.11608911,22.923,3391.0795
20171103,"3,371.74","3,377.74","3,380.57","3,347.36",17.27,3386.928,3392.487,3386.413,8.61,11.52,-5.82,48.63951181,58.51438584,28.88976374,53.075,66.938,66.938,-0.595,-0.523,-0.227,66.667,69.444,-116.9402459,23.8515,3387.862208
20171106,"3,388.17","3,369.68","3,389.38","3,356.53",15.46,3386.494,3393.234,3387.1025,8.066,10.829,-5.526,50.87404033,55.967604,40.68691298,56.252,44.657,43.609,0.031,-0.083,0.204,75,70.833,-48.71532939,22.4325,3386.57125
20171107,"3,413.57","3,389.47","3,415.15","3,387.95",19.06,3390.54,3395.766,3388.6315,9.575,10.578,-2.007,63.84550885,58.59357229,74.34938198,60.56,10.212,2.331,0.665,0.58,0.871,75,72.222,106.0714236,22.531,3391.170583
20171108,"3,415.46","3,409.15","3,434.49","3,404.88",18.54,3394.45,3397.622,3389.9905,10.798,10.622,0.352,68.61669678,61.93461379,81.98086278,60.859,21.841,21.841,0.612,0.55,0.832,75,73.611,147.5120205,23.1805,3396.7995
20171109,"3,427.79","3,410.67","3,428.77","3,408.62",15.86,3403.346,3399.644,3392.075,12.617,11.021,3.192,76.51457815,66.79460191,95.95453063,62.781,7.69,7.69,0.817,0.815,1.098,75,73.611,134.2695207,23.3045,3402.774375
20171110,"3,432.67","3,423.18","3,438.79","3,414.33",18.93,3415.532,3401.23,3394.1825,14.288,11.675,5.227,82.11183696,71.90034692,102.534817,63.521,6.694,6.694,0.717,0.87,1.17,75,73.611,136.7703071,23.902,3407.694792
20171113,"3,447.84","3,435.18","3,449.16","3,435.08",20.54,3427.466,3406.98,3397.651,16.644,12.668,7.952,87.64233793,77.14767726,108.6316593,65.731,1.297,1.425,0.787,1.216,1.536,75,75,162.2366176,23.4395,3415.270042
20171114,"3,429.55","3,446.55","3,450.49","3,419.69",19.65,3430.662,3410.601,3400.5265,16.842,13.503,6.677,84.99340193,79.76291882,95.45436815,61.076,20.304,33.483,0.051,0.648,0.946,66.667,73.611,101.8966747,24.137,3418.125167
20171115,"3,402.52","3,416.21","3,423.75","3,396.38",16.88,3428.074,3411.262,3401.563,14.648,13.732,1.832,74.49089848,78.0055787,67.46153804,55.063,46.514,88.653,-0.685,-0.175,0.13,66.667,72.222,7.782681745,25.23,3415.665125
20171116,"3,399.25","3,393.19","3,409.65","3,390.59",15.67,3422.366,3412.856,3403.017,12.502,13.486,-1.968,64.81598426,73.60904722,47.22985833,54.387,49.685,85.543,-0.702,-0.285,0.024,58.333,69.444,-16.78063606,25.075,3411.427167
20171117,"3,382.91","3,392.68","3,403.29","3,373.30",24.95,3412.414,3413.973,3403.23,9.374,12.664,-6.579,47.36058924,64.85956123,12.36264526,51.115,71.924,87.55,-0.963,-0.733,-0.463,50,65.278,-64.05879319,25.591,3405.452917
20171120,"3,392.40","3,361.36","3,393.11","3,337.12",17.65,3401.326,3414.396,3403.815,7.574,11.646,-8.143,47.82729118,59.18213788,25.11759779,52.834,51.239,51.239,-0.489,-0.477,-0.208,58.333,62.5,-99.04132043,27.861,3403.267292
20171121,"3,410.50","3,382.36","3,419.80","3,377.60",19.69,3397.516,3414.089,3404.9275,7.521,10.821,-6.599,53.46023346,57.27483641,45.83102757,55.92,35.274,35.274,0.225,-0.041,0.289,66.667,61.111,-3.039508653,29.2425,3403.734583
20171122,"3,430.46","3,417.33","3,442.18","3,404.29",21.36,3403.104,3415.589,3406.6055,8.986,10.454,-2.935,63.08421786,59.21129689,70.83005979,59.007,17.668,11.156,0.807,0.441,0.801,66.667,61.111,66.88742553,30.3235,3409.035542
20171123,"3,351.92","3,425.01","3,429.42","3,342.33",21.53,3393.638,3408.002,3403.823,3.767,9.117,-10.7,46.40767856,54.94342411,29.33618747,45.831,86.945,85.913,-1.257,-1.711,-1.474,58.333,59.722,-118.0946223,33.5905,3401.573875
20171124,"3,353.82","3,340.38","3,360.75","3,328.33",15.96,3387.82,3400.117,3400.6735,-0.214,7.25,-14.929,37.89381147,49.2602199,15.16099461,46.134,79.134,77.611,-0.98,-1.507,-1.386,58.333,59.722,-185.0974466,34.262,3392.886083
20171127,"3,322.23","3,346.66","3,347.05","3,315.26",16.64,3373.786,3387.556,3397.268,-5.851,4.63,-20.962,27.09309041,41.87117674,-2.463082251,42.046,94.846,94.508,-1.619,-2.182,-2.236,50,59.722,-178.600175,33.0675,3378.288042
20171128,"3,333.66","3,311.23","3,333.80","3,300.78",13.82,3358.418,3377.967,3394.284,-9.288,1.846,-22.27,25.81312109,36.51849152,4.402380233,43.922,76.747,76.747,-0.993,-1.606,-1.823,50,58.333,-146.8985325,33.6695,3371.510167
20171129,"3,337.86","3,335.57","3,343.06","3,305.57",18.38,3339.898,3371.501,3391.3815,-11.541,-0.831,-21.42,25.94990722,32.99563009,11.8584615,44.61,73.777,73.777,-0.511,-1.215,-1.615,50,55.556,-111.2257435,34.4565,3364.136625
20171130,"3,317.19","3,328.64","3,340.92","3,306.28",15.66,3332.952,3363.295,3388.0755,-14.823,-3.629,-22.387,21.16839642,29.05321887,5.398751538,41.967,88.395,87.243,-0.567,-1.554,-2.105,50,52.778,-105.8256168,35.0035,3355.829708
20171201,"3,317.62","3,315.11","3,324.52","3,302.44",13.92,3325.712,3356.766,3385.3695,-17.191,-6.342,-21.699,18.08208984,25.39617586,3.453917796,42.042,88.091,71.919,-0.384,-1.334,-2.005,58.333,52.778,-100.8712407,34.31,3350.618625
20171204,"3,309.62","3,310.38","3,324.00","3,304.10",14.81,3323.19,3348.488,3381.442,-19.489,-8.971,-21.035,14.13864924,21.64366698,-0.871386259,41.019,93.748,80.895,-0.404,-1.353,-2.14,58.333,52.778,-90.46146105,33.6625,3343.574458
20171205,"3,303.68","3,301.69","3,315.74","3,300.51",20.83,3317.194,3337.806,3375.9475,-21.541,-11.485,-20.111,10.24545948,17.84426448,-4.952150517,40.26,97.762,92.55,-0.49,-1.336,-2.205,58.333,54.167,-89.42077246,33.064,3338.651458
20171206,"3,293.96","3,291.31","3,296.20","3,254.61",15.16,3308.414,3324.156,3369.8725,-23.678,-13.924,-19.509,19.18819841,18.29224246,20.98011032,39.027,77.49,55.512,-0.584,-1.385,-2.385,50,54.167,-122.0081173,34.037,3331.456042
20171207,"3,272.05","3,283.28","3,291.28","3,259.16",13.21,3299.386,3316.169,3362.0855,-26.831,-16.505,-20.652,19.08089616,18.55512703,20.13243442,36.405,83.569,79.794,-0.918,-1.701,-2.915,41.667,52.778,-121.619085,34.7695,3320.752
20171208,"3,289.99","3,264.48","3,297.13","3,258.76",13.32,3293.86,3309.786,3354.9515,-27.564,-18.717,-17.694,26.05393077,21.05472828,36.05233577,39.858,61.727,49.392,-0.237,-0.813,-2.264,41.667,51.389,-98.20119501,35.465,3313.767875
20171211,"3,322.20","3,290.49","3,322.67","3,288.29",13.2,3296.376,3309.783,3348.6695,-25.255,-20.025,-10.461,42.84130527,28.31692061,71.8900746,45.41,23.584,2.594,0.716,0.233,-1.195,50,50,-31.6946902,36.3595,3314.122375
20171212,"3,280.81","3,320.31","3,320.31","3,280.33",12.46,3291.802,3304.498,3341.2325,-26.46,-21.312,-10.296,38.67943504,31.77109209,52.49612096,40.408,70.379,61.505,-0.394,-0.834,-2.263,41.667,47.222,-69.11820853,36.913,3310.271667
20171213,"3,303.04","3,278.40","3,304.01","3,273.32",11.2,3293.618,3301.016,3336.2585,-25.329,-22.115,-6.428,48.87788398,37.47335605,71.68693985,43.873,43.888,28.842,0.284,-0.114,-1.448,50,45.833,-58.8085644,36.789,3309.689208
20171214,"3,292.44","3,302.93","3,309.53","3,282.57",12.05,3297.696,3298.541,3330.918,-25,-22.692,-4.615,50.75790334,41.90153848,68.47063307,42.639,45.888,47.301,-0.03,-0.331,-1.593,41.667,44.444,-42.48557576,37.184,3304.952
20171215,"3,266.14","3,287.53","3,287.53","3,259.39",13.09,3292.926,3293.393,3325.0795,-26.555,-23.465,-6.181,39.48558039,41.09621912,36.26430292,39.746,83.384,88.453,-0.799,-0.948,-2.157,33.333,43.056,-121.6345284,37.337,3300.529458
20171218,"3,267.92","3,268.03","3,280.54","3,254.18",12.07,3282.07,3289.223,3318.8555,-27.329,-24.237,-6.183,33.01082786,38.4010887,22.23030619,40.033,79.939,79.939,-0.634,-0.77,-1.906,41.667,43.056,-118.0910774,35.8555,3294.10075
20171219,"3,296.54","3,266.02","3,296.94","3,266.02",11.51,3285.216,3288.509,3313.1575,-25.341,-24.458,-1.765,42.62336692,39.80851477,48.25307121,44.476,38.152,35.944,0.367,0.152,-0.916,41.667,41.667,-33.66272513,35.2915,3291.509583
20171220,"3,287.61","3,296.74","3,300.21","3,276.12",13.77,3282.13,3287.874,3306.015,-24.207,-24.408,0.402,44.68559303,41.43420753,51.18836405,43.429,51.19,39.603,0.061,-0.063,-1.046,41.667,41.667,-17.48540994,34.6015,3291.337917
20171221,"3,300.06","3,281.12","3,309.22","3,267.40",14.21,3283.654,3290.675,3303.422,-22.049,-23.936,3.774,52.11968917,44.99603474,66.36699803,45.303,33.012,17.109,0.455,0.324,-0.568,50,41.667,15.51082898,32.286,3293.168417
20171222,"3,297.06","3,297.69","3,307.33","3,293.44",12.4,3289.838,3291.382,3300.584,-20.347,-23.218,5.743,56.36045209,48.78417386,71.51300855,44.929,37.392,22.093,0.34,0.225,-0.539,50,43.056,70.09738822,31.3595,3292.759333
20171225,"3,280.46","3,296.21","3,312.30","3,270.44",14.69,3292.346,3287.208,3298.4955,-20.105,-22.596,4.981,52.64589901,50.07141557,57.79486587,42.883,60.26,54.783,-0.238,-0.301,-0.878,50,45.833,2.765311527,31.5245,3292.41325
20171226,"3,306.12","3,277.84","3,307.30","3,274.33",14.24,3294.262,3289.739,3297.1185,-17.64,-21.604,7.929,64.88620842,55.00967986,84.63926555,46.791,10.633,13.354,0.348,0.438,0.054,50,47.222,56.77455287,31.522,3294.501708
20171227,"3,275.78","3,302.46","3,307.08","3,270.35",16.27,3291.896,3287.013,3294.0145,-17.928,-20.869,5.883,55.6456347,55.22166481,56.4935745,43.148,62.836,81.336,-0.468,-0.367,-0.769,41.667,47.222,-38.83649185,31.484,3290.120292
20171228,"3,296.38","3,272.29","3,304.10","3,263.73",17.54,3291.16,3287.407,3292.974,-16.306,-19.956,7.301,61.29988861,57.24773941,69.40418702,46.12,27.392,32.777,0.113,0.22,-0.072,50,48.611,-12.95985757,31.7705,3291.876625
20171229,"3,307.17","3,295.25","3,308.22","3,292.77",14.16,3293.182,3291.51,3292.4515,-13.988,-18.763,9.549,70.67923395,61.72490426,88.58789335,47.616,8.827,10.562,0.405,0.538,0.274,50,48.611,129.6657913,31.439,3292.215792
20180102,"3,348.33","3,314.03","3,349.05","3,314.03",20.23,3306.756,3299.551,3294.387,-8.73,-16.756,16.053,80.17152868,67.87377907,104.7670279,52.831,0.844,0.844,1.392,1.645,1.503,58.333,50,295.6016675,32.538,3302.046125
20180103,"3,369.11","3,347.74","3,379.92","3,345.29",21.38,3319.354,3306.808,3297.6585,-2.853,-13.975,22.246,83.6797769,73.14244501,104.7544407,55.181,9.304,9.304,1.566,2.01,2.093,66.667,52.778,273.7031591,33.508,3314.763792
20180104,"3,385.71","3,371.00","3,392.83","3,365.30",20.7,3341.34,3316.618,3302.246,3.109,-10.559,27.334,87.28148308,77.8554577,106.1335338,56.969,5.515,5.515,1.66,2.209,2.507,66.667,55.556,210.0244728,32.431,3328.225875
20180105,"3,391.75","3,386.46","3,402.07","3,380.24",21.31,3360.414,3325.787,3308.231,8.225,-6.802,30.055,89.03436157,81.58175899,103.9395667,57.611,7.46,7.46,1.254,2.147,2.594,66.667,59.722,163.3996024,31.7825,3340.156083
20180108,"3,409.48","3,391.55","3,412.73","3,384.56",23.62,3380.876,3337.029,3314.2055,13.555,-2.73,32.571,91.96250503,85.04200767,105.8034997,59.463,2.181,2.709,1.214,2.368,3.001,75,63.889,139.981005,31.2725,3352.265333
20180109,"3,413.90","3,406.11","3,417.23","3,403.59",19.15,3393.99,3350.373,3318.7905,17.929,1.401,33.055,93.91854298,88.00085277,105.7539234,59.918,2.169,3.227,0.813,2.209,2.991,75,68.056,123.8755688,30.2355,3362.5795
20180110,"3,421.83","3,414.11","3,430.21","3,398.84",20.91,3404.534,3361.944,3325.8415,21.784,5.478,32.612,94.2678161,90.08984055,102.6237672,60.744,5.034,9.868,0.683,2.129,3.065,83.333,72.222,109.252764,29.7105,3372.510792
20180111,"3,425.34","3,415.59","3,426.48","3,405.64",17.38,3412.46,3376.9,3331.9565,24.836,9.349,30.973,94.99742261,91.72570123,101.5408653,61.114,2.925,7.503,0.509,1.867,2.972,91.667,76.389,94.933246,29.218,3380.722458
20180112,"3,428.94","3,423.88","3,435.42","3,417.98",17.41,3419.898,3390.156,3338.7815,27.231,12.926,28.611,94.88555966,92.77898738,99.09870422,61.502,4.543,11.743,0.402,1.664,2.901,91.667,80.556,92.31754728,28.742,3388.042042
20180115,"3,410.49","3,428.95","3,442.50","3,402.31",23.2,3420.1,3400.488,3345.999,27.326,15.806,23.04,85.61413609,90.39070361,76.06100105,58.384,24.916,55.247,-0.229,0.782,2.235,91.667,84.722,72.27988421,29.099,3392.488708
20180116,"3,436.59","3,403.47","3,437.58","3,401.96",21.15,3424.638,3409.314,3354.4325,29.17,18.479,21.383,87.85761059,89.54633927,84.48015322,61.282,6.08,13.536,0.401,1.204,2.817,91.667,87.5,74.6992824,29.562,3399.585208
20180117,"3,444.67","3,438.58","3,465.20","3,430.51",26.1,3429.206,3416.87,3361.839,30.928,20.969,19.919,83.85030285,87.64766047,76.25558763,62.134,20.551,30.937,0.487,1.1,2.877,91.667,90.278,102.7891294,29.7505,3406.894333
20180118,"3,474.75","3,449.88","3,476.55","3,448.79",22,3439.088,3425.774,3371.196,34.352,23.645,21.413,88.58129043,87.95887045,89.82613037,65.115,1.869,2.413,1.104,1.669,3.541,91.667,91.667,135.3563577,30.14,3419.427333
20180119,"3,487.86","3,481.62","3,498.43","3,474.29",24.75,3450.872,3435.385,3380.586,37.689,26.454,22.47,88.84968848,88.2558098,90.03744585,66.321,9.283,10.957,1.179,1.758,3.646,91.667,91.667,173.7558206,29.256,3431.126292
20180122,"3,501.36","3,476.99","3,503.39","3,475.67",21.75,3469.046,3444.573,3390.801,40.951,29.353,23.195,91.91924075,89.47695345,96.80381536,67.527,1.942,2.001,1.216,1.865,3.747,91.667,91.667,162.9466702,29.9475,3443.831083
20180123,"3,546.50","3,504.34","3,547.22","3,504.34",23.87,3491.028,3457.833,3404.103,46.641,32.811,27.66,94.44760618,91.13383769,101.0751432,71.135,0.485,0.496,1.854,2.793,4.762,91.667,91.667,185.2125042,30.1475,3462.026792
20180124,"3,559.47","3,553.48","3,569.49","3,527.11",25.3,3513.988,3471.597,3416.7705,51.601,36.569,30.065,94.30473135,92.19080224,98.53258955,72.065,5.981,7.21,1.628,2.796,4.794,91.667,91.667,168.1434772,30.618,3479.405958
20180125,"3,548.31","3,555.17","3,571.48","3,528.03",24.34,3528.7,3483.894,3430.397,54.01,40.057,27.906,91.64715297,92.00958582,90.92228728,70.038,13.668,18.885,0.813,2.144,4.148,83.333,90.278,130.4122086,30.954,3493.843625
20180126,"3,558.13","3,535.49","3,574.90","3,534.20",22.27,3542.754,3496.813,3443.4845,56.065,43.259,25.612,91.1991004,91.73942401,90.11845318,70.792,9.697,16.668,0.694,2.093,4.104,83.333,88.889,115.3392215,30.9705,3504.398417
20180129,"3,523.00","3,563.64","3,587.03","3,510.27",23.6,3547.082,3508.064,3454.276,54.233,45.454,17.56,80.49656357,87.99180387,65.50608298,64.711,34.598,57.498,-0.465,0.849,2.773,75,86.111,80.31142705,34.036,3507.555875
20180130,"3,488.01","3,511.50","3,523.05","3,484.66",18.64,3535.384,3513.206,3461.26,49.389,46.241,6.297,63.12135874,79.70165549,29.96076523,59.407,63.263,96.728,-1.392,-0.293,1.527,66.667,81.944,17.66870734,33.8615,3504.95125
20180131,"3,480.83","3,470.51","3,495.45","3,454.73",20.73,3519.656,3516.822,3466.846,44.458,45.884,-2.852,48.65686954,69.35339351,7.263821616,58.383,76.823,80.272,-1.289,-0.665,1.067,66.667,77.778,-22.37908892,34.166,3498.63525
20180201,"3,446.98","3,478.67","3,495.09","3,424.42",26.05,3499.39,3514.045,3469.9095,37.388,44.185,-13.594,37.06247486,58.58975396,-5.992083327,53.817,86.126,86.126,-1.727,-1.655,-0.098,58.333,72.222,-63.77687022,36.323,3488.5955
20180202,"3,462.08","3,419.22","3,463.16","3,388.86",20.81,3480.18,3511.467,3473.426,32.628,41.874,-18.492,37.02434154,51.40128315,8.270458309,55.439,63.052,63.052,-0.89,-1.265,0.152,58.333,68.056,-99.3939613,38.9465,3484.083583
20180205,"3,487.50","3,411.67","3,487.72","3,406.24",21.77,3473.08,3510.081,3477.327,30.554,39.61,-18.112,41.27470947,48.02575859,27.77261122,58.029,50.225,50.225,0.175,-0.57,0.719,58.333,63.889,-67.94838621,41.612,3482.937375
20180206,"3,370.65","3,418.01","3,440.12","3,364.22",28.06,3449.608,3492.496,3475.1645,19.259,35.539,-32.561,28.47842861,41.50998193,2.415321958,45.378,97.114,95.952,-2.47,-3.633,-2.658,50,59.722,-172.8665974,47.094,3467.246125
20180207,"3,309.26","3,412.74","3,425.54","3,304.01",26.09,3415.294,3467.475,3469.536,5.293,29.49,-48.394,19.60394993,34.20797126,-9.604092735,40.534,98.145,97.258,-3.414,-4.953,-4.342,41.667,55.556,-191.5904144,51.602,3441.654
20180208,"3,262.05","3,281.05","3,307.16","3,225.71",20.13,3378.308,3438.849,3461.3715,-9.475,21.697,-62.344,16.42182219,28.2792549,-7.293043248,37.336,89.942,86.51,-3.767,-5.667,-5.56,33.333,50,-209.5678081,54.7375,3405.7835
20180209,"3,129.85","3,172.85","3,180.11","3,062.74",25.64,3311.862,3396.021,3446.417,-31.483,11.061,-85.088,15.80764987,24.12205323,-0.821156831,30.34,87.2,84.209,-6.205,-8.543,-9.08,25,44.444,-230.0795631,63.831,3359.814042
20180212,"3,154.13","3,128.37","3,168.13","3,113.61",15.33,3245.188,3359.134,3433.599,-46.43,-0.437,-91.987,17.5785602,21.94088889,8.853902834,32.755,80.146,78.495,-4.001,-6.941,-8.086,33.333,40.278,-157.1346962,64.5475,3322.638708
20180213,"3,184.96","3,176.11","3,219.22","3,176.11",15.15,3208.05,3328.829,3421.0175,-55.153,-11.38,-87.545,21.14196138,21.67457972,20.0767247,35.708,71.755,67.614,-1.551,-5.161,-6.92,33.333,36.111,-104.832281,66.021,3292.688958
20180214,"3,199.16","3,188.25","3,203.50","3,171.38",10.03,3186.03,3300.662,3408.742,-60.225,-21.149,-78.152,24.7947523,22.71463724,28.9549824,37.036,68.447,62.398,-0.231,-3.966,-6.247,41.667,34.722,-87.78732409,65.8925,3281.503833
20180222,"3,268.56","3,237.57","3,269.92","3,234.12",13.87,3187.332,3282.82,3398.4325,-57.977,-28.515,-58.924,32.67333966,26.03420471,45.95160954,43.04,51.569,15.792,2.149,-1.341,-4.025,50,36.111,-44.98165727,67.8365,3282.194583
20180223,"3,289.02","3,275.43","3,294.13","3,258.49",14.58,3219.166,3265.514,3388.4905,-53.923,-33.596,-40.652,41.76915385,31.27918776,62.74908603,44.663,46.755,2.208,2.645,-0.243,-3.28,58.333,40.278,-24.72722053,68.4115,3285.508458
20180226,"3,329.57","3,307.30","3,335.99","3,281.61",18.86,3254.254,3249.721,3379.901,-46.897,-36.256,-21.281,52.36190558,38.30676037,80.47219601,47.743,29.294,2.887,2.842,1.288,-1.959,66.667,47.222,3.647697983,69.7445,3300.104208
20180227,"3,292.07","3,328.67","3,328.67","3,284.63",17.42,3275.676,3241.863,3367.1795,-43.849,-37.775,-12.149,62.88353937,46.49902003,95.65257804,45.31,36.789,26.681,0.967,0.581,-2.882,58.333,51.389,3.101076494,69.6985,3301.088625
20180228,"3,259.41","3,264.06","3,277.83","3,239.84",15.1,3287.726,3236.878,3352.1765,-43.567,-38.933,-9.268,65.91382039,52.97062015,91.80022087,43.304,28.026,46.522,-0.414,0.164,-3.59,50,54.167,-20.75668941,70.191,3293.220583
20180301,"3,273.75","3,235.09","3,280.15","3,228.58",15.91,3288.764,3238.048,3338.4485,-41.706,-39.488,-4.436,67.94650412,57.96258148,87.9143494,44.431,22.778,57.946,-0.354,0.855,-2.91,58.333,56.944,-10.02209452,70.597,3286.226083
20180302,"3,254.53","3,248.45","3,269.94","3,242.27",15.09,3281.866,3250.516,3323.2685,-41.306,-39.852,-2.908,62.1354476,59.35353685,67.69926909,43.229,36.631,75.84,-0.869,0.404,-3.184,58.333,58.333,-0.907110253,70.136,3277.577958
20180305,"3,256.93","3,255.87","3,269.40","3,236.72",14.48,3267.338,3260.796,3309.965,-40.33,-39.947,-0.765,58.74740712,59.15149361,57.93923414,43.428,48.029,73.606,-0.634,0.492,-2.764,66.667,59.722,11.05291721,67.932,3272.601667
20180306,"3,289.64","3,266.49","3,290.25","3,243.65",19.54,3266.852,3271.264,3300.0465,-36.496,-39.257,5.521,58.11413586,58.80570769,56.73099219,46.12,28.157,38.995,0.568,1.086,-1.457,75,61.111,49.70654008,68.3425,3273.111417
20180307,"3,271.67","3,288.86","3,308.41","3,264.76",16.87,3269.304,3278.515,3289.5885,-34.51,-38.308,7.595,52.11519308,56.57553615,43.19450692,44.895,59.883,46.023,0.123,0.232,-1.655,66.667,62.5,57.69043327,68.489,3273.524
20180308,"3,288.41","3,268.35","3,289.50","3,261.55",14.98,3272.236,3280.5,3281.66,-31.226,-36.891,11.331,53.3109449,55.48733907,48.95815658,46.282,44.298,25.053,0.487,0.479,-0.817,66.667,65.278,52.83931169,66.353,3277.52875
20180309,"3,307.17","3,291.43","3,309.72","3,283.56",16.84,3282.764,3282.315,3273.9145,-26.8,-34.873,16.146,61.7137408,57.56280631,70.01560978,47.817,26.832,3.493,0.888,0.775,0.02,66.667,66.667,91.30078531,63.946,3280.695917
20180312,"3,326.70","3,319.21","3,333.56","3,313.56",20.65,3296.718,3282.028,3265.8745,-21.469,-32.192,21.446,72.29763453,62.47441572,91.94407215,49.388,6.535,7.084,1.113,1.221,0.816,66.667,68.056,142.0256669,61.1915,3287.490083
20180313,"3,310.24","3,324.12","3,333.88","3,307.38",17.71,3300.838,3283.845,3262.854,-18.361,-29.426,22.13,74.04837554,66.33240233,89.48032196,48.114,22.45,26.2,0.342,0.666,0.533,58.333,66.667,110.4433024,56.3525,3291.217458
20180314,"3,291.38","3,298.67","3,304.98","3,287.36",15.75,3304.78,3287.042,3261.96,-17.221,-26.985,19.528,68.11815677,66.92765381,70.49916269,46.674,40.361,58.758,-0.239,0.189,0.158,50,62.5,29.54602047,51.42,3288.955
20180315,"3,291.11","3,277.51","3,297.10","3,273.20",14.86,3305.32,3288.778,3263.413,-16.153,-24.819,17.331,64.07204687,65.97578483,60.26457097,46.654,44.02,59.132,-0.345,0.184,0.367,50,59.722,3.155622794,48.4375,3287.142417
20180316,"3,269.88","3,290.21","3,300.57","3,269.28",14.12,3297.862,3290.313,3270.4145,-16.826,-23.22,12.788,52.40474927,61.45210631,34.31003518,45.004,65.871,99.071,-0.895,-0.489,-0.004,50,56.944,-14.11789345,40.0365,3284.9755
20180319,"3,279.25","3,264.93","3,280.57","3,251.05",13.8,3288.372,3292.545,3276.6705,-16.414,-21.859,10.89,46.28504472,56.39641911,26.06229595,45.885,60.545,65.954,-0.471,-0.218,0.4,50,54.167,-44.35511584,38.7865,3284.479917
20180320,"3,290.64","3,257.22","3,292.57","3,252.43",13.99,3284.452,3292.645,3281.9545,-14.996,-20.486,10.981,46.78892716,53.19392179,33.97893788,46.963,52.203,52.203,0.057,0.037,0.772,58.333,52.778,-18.06245726,37.539,3285.011542
20180321,"3,280.95","3,299.73","3,314.21","3,268.88",16.84,3282.366,3293.573,3286.044,-14.486,-19.286,9.6,43.22529548,49.87104635,29.93379372,46.147,63.902,52.66,-0.089,-0.318,0.451,50,51.389,14.82446633,38.1995,3286.236417
20180322,"3,263.48","3,281.26","3,288.80","3,242.76",15.04,3276.84,3291.08,3285.79,-15.316,-18.492,6.353,36.39661197,45.37956823,18.43069945,44.686,77.261,71.001,-0.48,-0.783,-0.254,41.667,50,-95.9374375,36.9635,3283.15125
20180323,"3,152.76","3,172.77","3,188.24","3,110.66",27.55,3253.416,3275.639,3278.977,-24.624,-19.719,-9.81,30.55118037,40.43677227,10.77999656,36.951,81.14,79.317,-3.176,-3.86,-3.636,41.667,48.611,-392.286889,42.8225,3261.716125
20180326,"3,133.72","3,117.32","3,134.28","3,091.46",18.64,3224.31,3256.341,3269.1845,-33.154,-22.406,-21.497,26.69143413,35.85499289,8.364316597,35.837,82.567,81.028,-3.085,-4.063,-4.155,33.333,45.833,-258.6518464,43.1685,3238.102792
20180327,"3,166.65","3,164.80","3,172.78","3,143.57",18.91,3199.512,3241.982,3262.9135,-36.833,-25.291,-23.084,29.04606645,33.58535074,19.96749785,39.146,66.245,66.245,-1.495,-2.706,-3.108,33.333,43.056,-132.1838284,42.8745,3220.846708
20180328,"3,122.29","3,130.57","3,165.21","3,117.53",16.35,3167.78,3225.073,3256.0575,-42.834,-28.8,-28.069,23.97758713,30.38276287,11.16723565,36.5,86.159,86.159,-2.019,-3.564,-4.287,25,37.5,-123.8887105,42.719,3205.320417
20180329,"3,160.53","3,127.26","3,174.51","3,098.25",17.03,3147.19,3212.015,3250.3965,-43.998,-31.839,-24.316,26.3210102,29.02884532,20.90533998,40.14,68.992,64.999,-0.191,-2.006,-2.955,33.333,34.722,-91.09870875,43.9535,3198.002875
20180330,"3,168.90","3,161.79","3,177.72","3,152.89",15.46,3150.418,3201.917,3246.115,-43.74,-34.22,-19.041,29.1358175,29.06450271,29.27844708,40.913,65.235,19.983,0.574,-1.434,-2.498,41.667,34.722,-57.89568966,43.621,3190.6275
20180402,"3,163.18","3,169.78","3,192.34","3,159.99",17.77,3156.31,3190.31,3241.4275,-43.496,-36.075,-14.842,30.15638862,29.42846468,31.6122365,40.539,67.802,28.906,0.337,-1.285,-2.513,41.667,34.722,-44.2526829,43.6045,3190.632083
20180403,"3,136.63","3,130.01","3,144.33","3,119.13",15.22,3150.306,3174.909,3233.777,-44.927,-37.845,-14.163,27.73406889,28.86366608,25.47487449,38.823,79.722,59.209,-0.52,-1.773,-3.178,41.667,36.111,-73.42478424,43.477,3184.073
20180404,"3,131.11","3,147.05","3,163.34","3,128.87",14.7,3152.07,3159.925,3226.749,-45.976,-39.471,-13.01,31.59075383,29.77269533,35.22687082,38.469,79.908,65.076,-0.508,-1.565,-3.171,33.333,36.111,-58.547736,43.018,3174.59975
20180409,"3,138.29","3,125.44","3,146.09","3,110.30",13.96,3147.622,3147.406,3219.243,-45.702,-40.717,-9.969,36.53433284,32.0265745,45.54984953,39.22,53.579,57.445,-0.365,-0.944,-2.804,33.333,37.5,-64.2111451,43.41,3168.141792
20180410,"3,190.32","3,144.26","3,190.65","3,139.08",16.82,3151.906,3151.162,3213.4005,-40.815,-40.737,-0.157,56.97392835,40.34235912,90.23706681,44.356,2.002,2.462,1.128,0.939,-1.107,41.667,38.889,-3.636206256,44.72,3170.508458
20180411,"3,208.08","3,197.37","3,220.85","3,191.59",17.59,3160.886,3158.598,3207.4695,-35.105,-39.611,9.011,67.84395658,49.50955827,104.5127532,45.981,10.416,11.551,1.481,1.649,-0.452,50,40.278,67.09691071,44.927,3175.918208
20180412,"3,180.16","3,203.28","3,205.25","3,177.05",14.82,3169.592,3159.949,3200.9655,-32.459,-38.18,11.443,67.49955996,55.5062255,91.48622888,43.879,33.189,36.807,0.508,0.691,-1.201,50,41.667,58.95315152,45.1535,3179.059708
20180413,"3,159.05","3,192.04","3,197.90","3,155.51",12.76,3175.18,3163.625,3194.349,-31.699,-36.884,10.37,59.69893776,56.90379625,65.28922077,42.35,50.408,55.902,-0.277,-0.044,-1.692,50,43.056,46.76233481,46.129,3176.261625
20180416,"3,110.65","3,152.89","3,153.11","3,096.10",15.44,3169.652,3158.637,3185.326,-34.604,-36.428,3.648,43.68706739,52.49821997,26.06476224,39.093,88.337,88.337,-1.699,-1.43,-2.951,41.667,44.444,-103.1656323,48.0815,3163.867542
20180417,"3,066.80","3,112.97","3,118.76","3,064.03",14.72,3144.948,3148.427,3175.172,-39.983,-37.139,-5.688,29.71349704,44.90331232,-0.666133534,36.443,98.234,98.234,-2.719,-2.677,-3.995,41.667,45.833,-183.5924848,49.2535,3147.747583
20180418,"3,091.40","3,091.91","3,096.89","3,041.62",15.93,3121.612,3141.249,3165.7795,-41.78,-38.067,-7.425,29.06712074,39.62458179,7.952198617,38.869,72.226,72.226,-1.423,-1.716,-2.948,41.667,45.833,-160.2052551,50.541,3134.200083
20180419,"3,117.38","3,094.27","3,127.44","3,090.29",16.01,3109.056,3139.324,3157.1165,-40.639,-38.581,-4.115,33.46798359,37.57238239,25.25918599,41.336,57.73,53.7,-0.113,-0.755,-1.909,41.667,44.444,-71.57421101,50.3915,3127.742667
20180420,"3,071.54","3,105.46","3,111.17","3,065.92",15.51,3091.554,3133.367,3146.646,-42.938,-39.453,-6.971,27.87653369,34.34043283,14.94873542,38.477,83.306,80.855,-1.008,-1.976,-3.072,41.667,43.056,-111.0003064,50.698,3119.085042
20180423,"3,068.01","3,063.44","3,085.06","3,045.94",13.17,3083.026,3126.339,3136.8725,-44.532,-40.469,-8.127,23.4923883,30.72441798,9.028328937,38.264,85.276,76.33,-0.635,-1.909,-2.926,41.667,41.667,-120.7519847,50.352,3109.469583
20180424,"3,128.93","3,069.75","3,136.04","3,069.75",16.23,3095.452,3120.2,3135.681,-40.414,-40.458,0.088,33.44765425,31.63216341,37.07863594,43.853,51.286,7.53,1.238,0.044,-0.802,50,43.056,-31.79639975,46.1125,3110.850458
20180425,"3,117.97","3,112.40","3,122.91","3,107.00",12.73,3100.766,3111.189,3134.8935,-37.601,-39.886,4.571,38.58330947,33.9492121,47.85150423,43.12,53.34,19.138,0.605,-0.252,-0.923,41.667,43.056,-20.91485738,44.144,3116.2315
20180426,"3,075.03","3,119.50","3,121.93","3,067.93",13.4,3092.296,3100.676,3130.3125,-38.394,-39.588,2.388,35.71114404,34.53652274,38.06038663,40.363,78.622,67.714,-0.693,-1.323,-2.021,33.333,41.667,-64.50973815,44.891,3112.587292
20180427,"3,082.23","3,082.41","3,088.03","3,049.91",13.12,3094.434,3092.994,3128.3095,-38.004,-39.271,2.535,38.1440812,35.73904223,42.95415914,41.023,63.575,59.723,-0.271,-0.758,-1.555,33.333,40.278,-81.36517781,44.341,3104.108417
20180502,"3,081.18","3,087.41","3,097.60","3,064.76",13.42,3097.068,3090.047,3124.342,-37.348,-38.887,3.076,39.39535513,36.95781319,44.27043899,40.954,58.102,60.888,-0.357,-0.527,-1.494,33.333,38.889,-61.55746008,42.17,3098.390292
20180503,"3,100.86","3,074.52","3,105.66","3,056.16",14,3091.454,3093.453,3120.94,-34.839,-38.077,6.475,46.58173509,40.16578716,59.41363094,42.833,37.259,40.845,0.102,0.265,-0.822,41.667,38.889,-39.90208893,43.4035,3099.84875
20180504,"3,091.03","3,093.12","3,104.09","3,086.78",11.87,3086.066,3093.416,3117.3325,-33.261,-37.114,7.706,47.7359551,42.68917647,57.82951235,42.134,49.956,43.671,-0.011,0,-1.036,41.667,37.5,-11.16442296,42.6515,3097.692292
20180507,"3,136.64","3,094.90","3,136.84","3,091.66",13.89,3098.388,3095.342,3117.333,-28.007,-35.292,14.572,65.08396273,50.15410522,94.94367774,46.371,0.22,0.23,1.362,1.285,0.405,50,38.889,116.4017845,42.7395,3104.547
20180508,"3,161.50","3,135.30","3,169.70","3,134.06",14.69,3114.242,3104.338,3118.8525,-21.588,-32.552,21.927,74.44087094,58.2496938,106.8232252,48.516,6.626,6.845,1.692,1.895,1.199,50,41.667,204.2890536,42.798,3115.043542
20180509,"3,159.15","3,160.14","3,165.37","3,145.66",12.26,3129.836,3113.452,3119.8955,-16.5,-29.341,25.682,80.02488761,65.50809174,109.0584794,48.325,8.807,9.292,1.199,1.706,1.137,41.667,43.056,157.7963755,41.994,3125.056167
20180510,"3,174.41","3,169.05","3,176.14","3,155.53",13.3,3144.546,3118,3119.1,-11.109,-25.695,29.172,86.22642036,72.41420128,113.8508585,49.665,1.371,1.442,1.184,1.916,1.61,50,45.833,153.4399589,40.4065,3134.0325
20180511,"3,163.26","3,179.80","3,180.76","3,162.21",13.07,3158.992,3122.529,3116.859,-7.648,-22.085,28.875,86.35958275,77.06266177,104.9534247,48.702,13.374,18.621,0.495,1.299,1.218,50,47.222,123.5825481,39.8075,3138.203292
20180514,"3,174.03","3,167.04","3,183.82","3,163.48",12.93,3166.47,3132.429,3116.5525,-3.99,-18.466,28.953,88.35011924,80.82514759,103.4000625,49.685,7.311,10.623,0.396,1.522,1.504,50,48.611,110.601928,39.284,3143.764583
20180515,"3,192.12","3,180.42","3,192.81","3,164.52",12.45,3172.594,3143.418,3118.206,0.365,-14.7,30.13,92.06509962,84.57179827,107.0517023,51.32,0.505,1.174,0.674,1.899,2.009,58.333,50,107.4074871,38.579,3149.51025
20180516,"3,169.57","3,180.23","3,191.95","3,166.81",13.05,3174.678,3152.257,3121.152,1.973,-11.365,26.678,87.40395808,85.51585154,91.18017116,49.239,17.007,49.29,-0.079,0.926,1.317,58.333,51.389,79.60563693,36.697,3153.078417
20180517,"3,154.28","3,170.01","3,172.77","3,148.62",11.4,3170.652,3157.599,3125.526,1.991,-8.694,21.371,78.9053245,83.31234253,70.09128845,47.865,36.339,87.192,-0.536,0.247,0.9,50,52.778,42.2519469,35.168,3153.824208
20180518,"3,193.30","3,151.08","3,193.45","3,144.78",13.65,3176.66,3167.826,3130.621,5.096,-5.936,22.064,85.85269374,84.15912626,89.2398287,51.47,0.147,0.308,0.595,1.187,2.131,58.333,54.167,67.87121549,34.838,3158.319208
20180521,"3,213.84","3,206.18","3,219.74","3,203.34",16.45,3184.622,3175.546,3135.444,9.108,-2.927,24.071,87.94484101,85.42103118,92.99246067,53.246,6.886,7.871,0.973,1.535,2.713,58.333,55.556,130.0534846,34.3025,3167.675375
20180522,"3,214.35","3,211.25","3,214.59","3,192.23",14.43,3189.068,3180.831,3142.5845,12.189,0.096,24.186,89.56639347,86.80281861,95.0935432,53.29,7.191,7.191,0.777,1.222,2.587,66.667,58.333,117.5363539,32.8475,3178.7155
20180523,"3,168.96","3,205.44","3,205.44","3,168.96",15.78,3188.946,3181.812,3147.632,10.843,2.245,17.195,70.46333026,81.35632249,48.6773458,48.982,67.743,67.743,-0.526,-0.292,1.001,58.333,58.333,45.50915656,33.161,3177.657375
20180524,"3,154.65","3,167.94","3,173.53","3,152.07",12.41,3189.02,3179.836,3148.918,8.523,3.501,10.044,51.36456098,71.35906866,11.37554562,47.713,86.833,86.833,-0.898,-0.724,0.461,50,56.944,-47.98375749,30.8325,3172.282
20180525,"3,141.30","3,148.41","3,156.73","3,131.07",12.86,3178.62,3177.64,3150.0845,5.543,3.909,3.268,38.08876074,60.26896602,-6.271649818,46.539,88.463,88.463,-1.25,-1.098,0.004,50,56.944,-139.8763043,31.019,3165.573417
20180528,"3,135.08","3,136.81","3,149.66","3,115.96",12.88,3162.868,3173.745,3153.087,2.649,3.657,-2.016,31.53370328,50.6905451,-6.779980371,45.989,81.576,81.576,-1.144,-1.192,-0.278,41.667,54.167,-159.7176197,30.004,3160.2555
20180529,"3,120.46","3,129.62","3,143.21","3,112.15",13.57,3144.09,3166.579,3154.9985,-0.814,2.763,-7.155,23.59705757,41.65938259,-12.52759248,44.694,92.276,91.888,-1.12,-1.542,-0.812,41.667,51.389,-162.1702891,29.651,3153.101708
20180530,"3,041.44","3,081.14","3,085.40","3,041.00",15.51,3118.586,3153.766,3153.0115,-9.822,0.246,-20.136,15.81342759,33.04406426,-18.64784576,38.566,99.754,99.732,-2.736,-3.699,-3.212,33.333,45.833,-257.8782087,31.982,3134.316417
20180531,"3,095.47","3,061.83","3,098.08","3,054.27",14.05,3106.75,3147.885,3152.742,-12.458,-2.295,-20.326,20.7004291,28.92951921,4.242248896,44.04,69.526,58.9,-0.618,-1.738,-1.463,33.333,41.667,-144.0395673,32.339,3125.872583
20180601,"3,075.14","3,084.75","3,102.09","3,059.79",12.99,3093.518,3136.069,3151.9475,-16.002,-5.036,-21.932,20.35596324,26.07166722,8.924555283,42.551,80.9,70.5,-0.849,-2.139,-2.11,33.333,38.889,-119.6839861,33.5885,3116.617083
20180604,"3,091.19","3,083.43","3,098.40","3,076.99",11.46,3084.74,3123.804,3149.675,-17.317,-7.492,-19.649,23.74456578,25.29596674,20.64176386,44.108,71.087,53.81,-0.063,-1.463,-1.611,41.667,37.5,-86.58085776,32.461,3116.7925
20180605,"3,114.21","3,088.01","3,114.77","3,080.05",11.87,3083.49,3113.79,3147.3105,-16.313,-9.257,-14.113,34.2431515,28.27836166,46.17273119,46.286,55.479,28.373,0.795,-0.521,-0.922,41.667,37.5,-54.3387871,32.415,3115.24575
20180606,"3,115.18","3,109.17","3,117.53","3,103.53",12.02,3098.238,3108.412,3145.112,-15.263,-10.458,-9.611,44.19459042,33.58377124,65.41622876,46.377,44.028,3.071,0.855,-0.228,-0.91,41.667,37.5,-34.2996531,32.1295,3115.757375
20180607,"3,109.50","3,121.18","3,128.72","3,105.58",12.78,3101.044,3103.897,3141.8665,-14.72,-11.31,-6.819,50.47661939,39.21472063,73.00041692,45.898,40.811,25.816,0.303,-0.13,-1.114,33.333,37.5,-24.29673463,32.256,3117.123292
20180608,"3,067.15","3,100.60","3,100.68","3,053.29",13.47,3099.446,3096.482,3137.061,-17.505,-12.549,-9.911,42.17927318,40.20290481,46.13200992,42.48,75.934,81.625,-0.912,-1.221,-2.371,33.333,37.5,-87.69554015,34.139,3108.699208
20180611,"3,052.78","3,057.34","3,063.61","3,037.91",10.86,3091.764,3088.252,3130.9985,-20.634,-14.166,-12.935,33.57779832,37.99453598,24.74432299,41.388,85.878,83.625,-1.258,-1.414,-2.688,33.333,37.5,-120.1415485,34.573,3098.929625
20180612,"3,079.80","3,053.03","3,081.45","3,034.10",11.33,3084.882,3084.186,3125.3825,-20.694,-15.472,-10.445,38.48468454,38.15791883,39.13821595,44.201,51.702,51.702,-0.323,-0.377,-1.724,41.667,37.5,-80.46011933,35.526,3093.294792
20180613,"3,049.80","3,071.46","3,071.46","3,044.12",11.96,3071.806,3085.022,3119.394,-22.899,-16.957,-11.884,31.18735187,35.83439651,21.89326259,41.873,83.407,83.407,-0.949,-1.12,-2.519,41.667,37.5,-93.93115158,36.0445,3085.891417
20180614,"3,044.16","3,038.07","3,066.05","3,032.41",11.55,3058.738,3079.891,3113.888,-24.816,-18.529,-12.574,24.85829688,32.17569664,10.22349737,41.445,87.8,87.8,-0.751,-1.099,-2.545,41.667,37.5,-103.4479897,36.519,3079.247833
20180615,"3,021.90","3,037.45","3,048.80","3,008.73",14.45,3049.688,3074.567,3105.318,-27.81,-20.385,-14.85,20.23083614,28.19407647,4.304355479,39.77,89.024,85.677,-1.006,-1.77,-3.061,41.667,38.889,-143.4174518,36.089,3068.22325
20180619,"2,907.82","2,982.65","2,984.97","2,871.35",23.06,3020.696,3056.23,3090.017,-38.94,-24.096,-29.687,18.21064433,24.86626576,4.89940148,32.702,85.83,82.642,-3.907,-4.996,-6.365,33.333,38.889,-302.510249,42.2945,3042.018208
20180620,"2,915.73","2,889.98","2,925.56","2,872.16",14.43,2987.882,3036.382,3075.086,-46.585,-28.594,-35.982,17.88831522,22.54028224,8.584381166,33.556,82.756,78.877,-2.913,-4.322,-5.789,41.667,40.278,-223.4001535,43.8465,3018.5515
20180621,"2,875.81","2,912.00","2,940.59","2,872.62",15.44,2953.084,3012.445,3060.4285,-55.228,-33.921,-42.615,12.57380872,19.2181244,-0.714822657,31.453,98.267,97.771,-3.145,-5.073,-6.729,33.333,38.889,-163.6711353,44.9755,2989.726292
20180622,"2,889.76","2,855.58","2,891.97","2,837.14",12.61,2922.204,2990.471,3047.184,-60.258,-39.188,-42.139,15.56194236,17.99939705,10.68703297,32.984,80.033,77.013,-1.793,-4.02,-5.891,33.333,37.5,-140.7770889,46.644,2973.565792
20180625,"2,859.34","2,903.45","2,908.62","2,857.87",12.19,2889.692,2969.69,3033.086,-65.938,-44.538,-42.8,13.40356688,16.46745366,7.275793324,31.389,90.913,89.511,-1.799,-4.353,-6.431,25,34.722,-108.6732882,47.8985,2952.311292
20180626,"2,844.51","2,829.99","2,850.24","2,803.79",12.59,2877.03,2948.863,3018.5575,-70.82,-49.794,-42.051,14.00663192,15.64717975,10.72553625,30.635,85.335,77.525,-1.306,-4.141,-6.445,25,31.944,-115.4516049,48.991,2933.158958
20180627,"2,813.18","2,842.40","2,854.26","2,798.80",12.94,2856.52,2922.201,3003.1935,-76.337,-55.103,-42.469,11.13133116,14.14189689,5.110199715,29.094,94.726,89.858,-1.856,-4.515,-7.022,25,30.556,-104.4467822,50.211,2913.701917
20180628,"2,786.90","2,799.90","2,825.99","2,782.45",11.84,2838.738,2895.911,2990.4665,-81.887,-60.46,-42.854,7.977798774,12.08719752,-0.240998709,27.868,98.431,97.186,-2.039,-4.691,-7.422,25,27.778,-106.9252208,48.415,2893.576417
20180629,"2,847.42","2,789.81","2,848.37","2,782.38",12.57,2830.27,2876.237,2978.064,-80.473,-64.462,-32.021,16.01994917,13.39811473,21.26361804,34.503,75.587,48.479,0.255,-1.972,-5.025,25,26.389,-78.90551591,48.8825,2884.694125
20180702,"2,775.56","2,841.58","2,845.68","2,756.82",13.7,2813.514,2851.603,2963.085,-84.181,-68.406,-31.55,14.07914262,13.62512403,14.9871798,30.973,91.786,87.655,-1.616,-3.688,-6.957,25,25,-96.40457255,51.2975,2867.342708
20180703,"2,786.89","2,774.57","2,786.89","2,722.45",14.25,2801.99,2839.51,2947.87,-85.223,-71.77,-26.907,19.2329824,15.49441015,26.71012689,32.116,70.459,51.111,-0.79,-2.57,-6.14,33.333,26.389,-110.0988153,53.3565,2855.159583
20180704,"2,759.13","2,776.63","2,793.18","2,754.16",12.33,2791.18,2823.85,2930.116,-87.283,-74.872,-24.821,19.38946244,16.79276092,24.58286549,30.812,83.185,72.172,-1.278,-2.796,-6.705,33.333,27.778,-98.58733876,53.5715,2834.331708
20180705,"2,733.88","2,755.34","2,777.52","2,727.94",12.92,2780.576,2809.657,2911.051,-89.916,-77.881,-24.07,14.97282492,16.18611558,12.54624359,29.668,93.86,90.923,-1.717,-3.192,-7.086,33.333,29.167,-111.4750884,55.3505,2819.164208
20180706,"2,747.23","2,731.35","2,768.87","2,691.02",13.63,2760.538,2795.404,2892.9375,-89.889,-80.283,-19.213,21.4598707,17.94403395,28.49154419,31.079,74.168,64.277,-1.001,-2.233,-6.196,33.333,30.556,-119.9537606,58.086,2806.1675
20180709,"2,815.11","2,752.45","2,815.79","2,752.45",12.15,2768.448,2790.981,2880.3355,-83.429,-80.912,-5.035,39.64554967,25.17787253,68.58090396,37.71,23.983,19.766,1.642,0.364,-3.5,41.667,33.333,-32.87425499,58.7035,2805.071167
20180710,"2,827.63","2,819.71","2,828.49","2,800.63",11.71,2776.596,2789.293,2869.078,-76.418,-80.013,7.19,55.37009741,35.24194749,95.62639725,38.842,16.313,0.626,1.775,0.996,-2.672,41.667,36.111,14.54860492,58.6345,2810.9445
20180711,"2,777.77","2,780.70","2,794.36","2,752.43",12.68,2780.324,2785.752,2853.9765,-74.032,-78.817,9.57,55.29068881,41.92486126,82.02234392,36.114,44.868,36.895,0.035,-0.543,-3.923,41.667,37.5,-52.92758599,60.027,2807.63475
20180712,"2,837.66","2,771.04","2,844.19","2,771.04",14.7,2801.08,2790.828,2843.3695,-66.541,-76.362,19.641,68.46526976,50.7716641,103.8524811,41.283,6.806,4.263,1.713,1.622,-1.466,50,40.278,44.75751435,61.9005,2809.991542
20180713,"2,831.18","2,831.43","2,835.46","2,818.85",11.77,2817.87,2789.204,2832.7205,-60.431,-73.176,25.489,76.14556971,59.22963264,109.9774439,40.909,9.375,8.494,0.894,1.336,-1.354,50,43.056,86.69901999,61.159,2812.054292
20180716,"2,814.04","2,827.08","2,837.51","2,804.49",10.78,2817.656,2793.052,2822.3275,-56.322,-69.805,26.965,77.5357094,65.33165822,101.9438118,39.912,19.684,32.857,-0.113,0.641,-1.61,50,45.833,66.47100987,60.8065,2815.827708
20180717,"2,798.13","2,806.89","2,806.92","2,774.76",10.54,2811.756,2794.176,2816.843,-53.731,-66.59,25.719,75.00008535,68.55446726,87.89132151,38.991,30.071,50.196,-0.578,0.219,-1.763,41.667,45.833,5.206607695,55.243,2809.428042
20180718,"2,787.26","2,801.78","2,818.40","2,786.04",12.1,2813.654,2796.989,2810.4195,-51.955,-63.663,23.416,70.94410599,69.35101351,74.13029096,38.361,37.168,62.042,-0.727,-0.205,-1.768,41.667,45.833,16.645413,54.191,2802.723833
20180719,"2,772.55","2,791.02","2,805.01","2,764.49",11.45,2800.632,2800.856,2805.2565,-51.145,-61.16,20.029,54.60499249,64.43567317,34.94363113,37.504,46.772,89.887,-1.22,-0.689,-1.895,33.333,44.444,-22.07351962,52.8185,2797.459333
20180720,"2,829.27","2,769.75","2,837.86","2,753.84",14.59,2800.25,2809.06,2802.232,-45.403,-58.008,25.21,64.31672559,64.39602398,64.15812883,42.657,16.26,10.224,0.851,1.131,0.397,41.667,43.056,51.25602706,54.278,2800.409875
20180723,"2,859.54","2,815.20","2,863.57","2,809.62",17.34,2809.35,2813.503,2802.242,-37.972,-54.001,32.058,75.00246465,67.9315042,89.14438556,45.175,3.626,3.673,1.758,1.831,1.544,50,43.056,136.7006289,54.438,2810.235292
20180724,"2,905.56","2,862.27","2,911.46","2,862.27",22.96,2830.836,2821.296,2805.2945,-28.047,-48.81,41.527,82.08724984,72.65008608,100.9615773,48.744,3.71,3.743,2.838,2.986,3.194,50,43.056,205.9900951,54.2565,2829.194458
20180725,"2,903.65","2,911.45","2,912.31","2,894.04",16.78,2854.114,2833.884,2809.818,-20.103,-43.069,45.932,86.23658098,77.17891771,104.3519075,48.607,5.465,5.465,2.134,2.65,3.083,41.667,43.056,187.2250302,52.397,2842.764917
20180726,"2,882.23","2,905.79","2,915.30","2,875.70",16.84,2876.05,2838.341,2814.5845,-15.359,-37.527,44.336,83.99710296,79.45164613,93.08801661,47.059,20.482,20.482,0.82,1.729,2.334,33.333,41.667,131.8356483,52.2,2850.941958
20180727,"2,873.59","2,879.69","2,889.69","2,864.11",14.64,2884.914,2842.582,2815.893,-12.156,-32.453,40.593,80.72039408,79.87456211,82.41205803,46.436,25.833,25.833,-0.071,1.139,2.006,33.333,41.667,82.62118838,50.1795,2854.811167
20180730,"2,869.05","2,871.94","2,896.01","2,850.30",15.17,2886.816,2848.083,2820.5675,-9.87,-27.936,36.132,77.59864086,79.11592169,74.56407918,46.102,28.645,43.764,-0.459,0.887,1.808,25,38.889,63.57725845,47.935,2855.407917
20180731,"2,876.40","2,866.90","2,884.68","2,854.32",11.89,2880.984,2855.91,2825.043,-7.381,-23.825,32.889,77.03487573,78.4222397,74.26014777,46.75,24.093,59.846,-0.301,1.011,1.973,33.333,36.111,53.9320192,46.231,2857.685542
20180801,"2,824.53","2,882.51","2,897.40","2,823.93",14.95,2865.16,2859.637,2828.313,-9.484,-20.957,22.946,65.95049769,74.26499237,49.32150833,42.948,56.218,99.343,-1.638,-0.841,0.079,33.333,33.333,7.624587832,47.9535,2851.257
20180802,"2,768.02","2,815.34","2,815.34","2,726.48",17.42,2842.318,2859.184,2830.02,-15.531,-19.872,8.68,51.30026118,66.61008197,20.68061959,39.313,78,78,-2.841,-2.739,-1.808,33.333,31.944,-119.2366529,50.377,2836.986042
20180803,"2,740.44","2,763.40","2,777.66","2,740.43",12.7,2815.688,2850.301,2829.6805,-22.293,-20.356,-3.874,36.66460232,56.62825542,-3.262703876,37.689,92.607,91.832,-3.005,-3.576,-2.736,33.333,31.944,-123.3855335,48.346,2818.687833
20180806,"2,705.16","2,736.53","2,760.47","2,692.32",12.98,2782.91,2834.863,2824.183,-30.15,-22.315,-15.671,26.36252287,46.53967791,-13.99178719,35.719,94.242,93.739,-3.293,-4.629,-3.872,33.333,31.944,-145.7705012,48.3255,2798.944083
20180807,"2,779.37","2,711.74","2,779.37","2,696.04",14.96,2763.504,2822.244,2821.77,-30.043,-23.86,-12.365,30.58814049,41.22249877,9.319423942,42.334,60.961,57.553,-0.106,-1.869,-1.265,33.333,33.333,-92.40073305,51.099,2794.510417
20180808,"2,744.07","2,771.13","2,779.91","2,741.07",14.77,2747.412,2806.286,2820.085,-32.433,-25.575,-13.716,28.80344533,37.08281429,12.24470741,40.277,76.792,74.766,-0.587,-2.785,-2.533,25,31.944,-82.79911477,49.281,2786.472292
20180809,"2,794.38","2,729.58","2,801.66","2,726.22",15.17,2752.684,2797.501,2817.921,-29.922,-26.444,-6.955,35.79094522,36.65219126,34.06845313,44.303,50.234,17.038,1.421,-0.676,-0.816,25,30.556,-54.98998564,49.3955,2789.793792
20180810,"2,795.31","2,791.40","2,806.11","2,777.51",12.15,2763.658,2789.673,2816.1275,-27.54,-26.663,-1.753,40.600439,37.96827384,45.86476932,44.375,49.781,9.491,1.287,-0.323,-0.754,33.333,30.556,-29.34408811,49.885,2789.55375
20180813,"2,785.87","2,769.02","2,789.80","2,742.56",12.75,2779.8,2781.355,2814.719,-26.112,-26.553,0.882,42.27240761,39.4029851,48.01125264,43.773,54.384,17.787,0.669,-0.375,-1.028,33.333,30.556,-44.63120716,50.8715,2792.570375
20180814,"2,780.96","2,780.74","2,789.44","2,766.57",10.96,2780.118,2771.811,2813.8605,-25.088,-26.26,2.344,52.19937996,43.66845005,69.26123978,43.453,56.778,22.849,0.035,-0.275,-1.207,33.333,30.556,-30.58252273,50.051,2792.465958
20180815,"2,723.26","2,777.25","2,777.70","2,721.24",11.62,2775.956,2761.684,2810.6605,-28.603,-26.729,-3.748,43.86306615,43.73332209,44.12255428,39.878,74.85,97.62,-1.71,-1.917,-3.092,33.333,30.556,-77.11204266,51.419,2780.286583
20180816,"2,705.19","2,691.43","2,732.95","2,672.74",12.03,2758.118,2755.401,2807.2925,-32.472,-27.877,-9.189,37.35231378,41.60631932,28.8443027,38.834,75.669,75.669,-2.133,-2.064,-3.555,25,30.556,-130.1057813,52.4035,2767.534375
20180817,"2,668.97","2,723.89","2,730.33","2,665.59",11.24,2732.85,2748.254,2799.2775,-38.023,-29.906,-16.232,25.70332637,36.30532167,4.49933577,36.818,97.595,97.595,-2.708,-2.92,-4.641,25,30.556,-145.2490496,51.4395,2747.731875
20180820,"2,698.47","2,673.07","2,698.47","2,653.11",11.08,2715.37,2747.585,2791.224,-39.585,-31.842,-15.485,27.01790385,33.20951573,14.6346801,39.488,70.353,66.815,-1.051,-1.64,-3.444,33.333,30.556,-141.827578,51.01,2738.168708
20180821,"2,733.83","2,700.34","2,739.17","2,696.29",11.36,2705.944,2743.031,2782.6375,-37.537,-32.981,-9.112,35.59799255,34.00567467,38.7826283,42.526,47.242,40.791,0.566,-0.331,-2.101,41.667,31.944,-46.8454953,50.558,2736.102708
20180822,"2,714.61","2,731.96","2,731.96","2,709.06",9.37,2704.214,2740.085,2773.1855,-37.038,-33.792,-6.491,37.13068784,35.04734573,41.29737207,41.349,59.804,50.638,0.267,-1.06,-2.705,41.667,33.333,-48.8480336,50.883,2734.975333
20180823,"2,724.62","2,714.87","2,736.01","2,700.80",9.84,2708.1,2733.109,2765.305,-35.426,-34.119,-2.614,42.19227801,37.42898982,51.71885438,42.218,53.261,16.907,0.628,-0.53,-2.193,41.667,34.722,-38.45531765,50.6635,2734.100417
20180824,"2,729.43","2,717.08","2,748.82","2,705.32",10.05,2720.192,2726.521,2758.097,-33.376,-33.971,1.189,46.78878829,40.54892264,59.26851958,42.644,44.166,20.259,0.656,-0.31,-1.829,50,38.889,-23.51304309,51.5595,2732.63675
20180827,"2,780.90","2,736.32","2,780.90","2,736.32",13.28,2736.678,2726.024,2753.6895,-27.284,-32.633,10.699,64.52585886,48.54123471,96.49510715,47.009,6.264,0,1.853,1.612,0.209,50,43.056,60.78982146,51.8475,2741.441958
20180828,"2,777.98","2,782.29","2,791.39","2,769.40",11.87,2745.508,2725.726,2748.7685,-22.433,-30.593,16.321,73.11800098,56.73349014,105.8870227,46.798,9.698,14.101,1.255,1.559,0.293,41.667,44.444,82.41450725,51.429,2747.61025
20180829,"2,769.29","2,774.86","2,778.54","2,762.35",10.02,2756.444,2730.329,2746.0065,-19.069,-28.288,18.438,76.75131219,63.40609749,103.4417416,46.155,15.982,24.396,0.721,1.292,0.15,41.667,44.444,63.3895661,48.565,2751.3735
20180830,"2,737.74","2,769.33","2,780.53","2,736.35",10.61,2759.068,2733.584,2744.4925,-18.734,-26.377,15.287,71.56817785,66.12679094,82.45095167,43.872,38.798,59.223,-0.566,0.27,-0.788,41.667,44.444,33.23051788,45.8715,2747.461667
20180831,"2,725.25","2,730.11","2,744.63","2,710.54",10.98,2758.232,2739.212,2743.733,-19.254,-24.953,11.398,57.86283711,63.37213967,46.844232,42.994,47.83,76.844,-1.024,-0.193,-1.026,41.667,44.444,-19.03016895,45.7145,2742.945333
20180903,"2,720.73","2,716.40","2,722.85","2,692.36",10.22,2746.198,2741.438,2744.5115,-19.802,-23.923,8.241,48.12451957,58.28959963,27.79435943,42.671,71.352,71.352,-1.136,-0.406,-0.957,41.667,43.056,-50.63096114,43.9515,2739.054542
20180904,"2,750.58","2,720.65","2,756.61","2,712.38",10.9,2740.718,2743.113,2743.072,-17.625,-22.663,10.076,51.67976824,56.0863225,42.86665971,45.49,41.21,41.21,0.133,0.437,0.242,50,43.056,30.54933213,41.9965,2740.201542
20180905,"2,704.34","2,741.38","2,745.47","2,704.34",10.5,2727.728,2742.086,2741.0855,-19.407,-22.012,5.209,38.4856269,50.21942397,15.01803278,42.141,87.903,86.413,-1.109,-1.269,-1.348,41.667,43.056,-37.14499012,42.3665,2735.016375
20180906,"2,691.59","2,697.58","2,719.41","2,683.74",9.9,2718.498,2738.783,2735.946,-21.6,-21.929,0.66,28.08780143,42.84221646,-1.421028617,41.266,92.708,91.89,-1.106,-1.608,-1.74,33.333,41.667,-101.1833018,40.378,2727.185667
20180907,"2,702.30","2,696.68","2,728.55","2,683.72",10.75,2713.908,2736.07,2731.2955,-22.217,-21.987,-0.459,24.47734485,36.72059259,-0.009150622,42.315,82.744,74.51,-0.497,-1.18,-1.344,41.667,41.667,-90.1277146,41.1895,2720.266583
20180910,"2,669.48","2,698.01","2,703.43","2,667.32",10.36,2703.658,2724.928,2725.476,-25.065,-22.602,-4.925,16.95421612,30.13180043,-9.400952501,40.029,98.259,97.581,-1.368,-2.216,-2.379,33.333,40.278,-145.0475533,40.3575,2712.434208
20180911,"2,664.80","2,668.49","2,680.57","2,652.70",9.99,2686.502,2713.61,2719.668,-27.384,-23.559,-7.651,14.45804296,24.90721461,-6.440300344,39.71,90.534,88.355,-1.201,-2.194,-2.433,25,37.5,-154.1511681,40.6075,2705.072833
20180912,"2,656.11","2,659.74","2,672.07","2,647.17",9,2676.856,2702.292,2716.3105,-29.582,-24.764,-9.638,12.36164852,20.72535925,-4.365772927,39.106,93.296,90.905,-0.945,-2.14,-2.545,16.667,31.944,-138.5211969,38.8665,2693.84825
20180913,"2,686.58","2,679.21","2,689.06","2,653.19",10.73,2675.854,2697.176,2715.38,-28.537,-25.518,-6.037,20.24463215,20.56511688,19.6036627,42.317,63.989,51.573,0.303,-0.738,-1.263,25,29.167,-84.78619984,37.6495,2692.396458
20180914,"2,681.64","2,688.78","2,694.92","2,675.29",10,2671.722,2692.815,2716.0135,-27.787,-25.972,-3.63,23.99532494,21.70851957,28.56893569,41.943,68.503,57.643,0.18,-0.653,-1.287,25,27.778,-60.53648163,35.394,2691.717542
20180917,"2,651.79","2,671.29","2,671.29","2,647.92",8.82,2668.184,2685.921,2713.6795,-29.263,-26.63,-5.266,17.56351605,20.32685173,12.0368447,39.728,95.779,91.788,-0.622,-1.497,-2.192,25,25,-106.6948905,34.812,2686.878833
20180918,"2,699.95","2,644.30","2,700.19","2,644.30",11.58,2675.214,2680.858,2711.9855,-26.245,-26.553,0.616,33.72681486,24.79350611,51.59343236,44.649,44.994,0.429,0.99,0.37,-0.38,33.333,25,-40.96248627,35.4625,2688.312
20180919,"2,730.85","2,694.80","2,746.08","2,690.99",14.16,2690.162,2683.509,2712.7975,-21.116,-25.466,8.699,50.82999421,33.47233547,85.54531168,47.518,14.964,14.964,1.727,1.487,0.72,41.667,27.778,81.72330486,36.9785,2695.57875
20180920,"2,729.24","2,732.17","2,743.96","2,724.08",11.14,2698.694,2687.274,2713.0285,-16.986,-23.77,13.568,61.70483272,42.88316789,99.34816237,47.385,16.545,16.545,1.208,1.494,0.568,33.333,30.556,107.2783251,36.212,2704.693167
20180921,"2,797.48","2,733.87","2,797.49","2,722.03",15.8,2721.862,2696.792,2716.431,-8.112,-20.638,25.052,74.46771253,53.41134944,116.5804387,53.201,0.007,0.007,3.032,3.733,2.926,41.667,33.333,175.6697301,37.81,2720.232542
20180925,"2,781.14","2,775.07","2,790.03","2,771.16",11.2,2747.732,2707.958,2716.443,-2.371,-16.985,29.227,79.42080154,62.0811668,114.100071,51.771,10.673,10.673,1.808,2.842,2.25,41.667,36.111,168.6162354,36.5525,2730.437833
20180926,"2,806.81","2,785.32","2,827.34","2,783.34",13.96,2769.104,2722.159,2717.8845,4.201,-12.748,33.898,82.54182515,68.90138625,109.822703,53.807,11.216,11.216,1.785,3.458,3.048,41.667,38.889,167.4243609,37.763,2745.898833
20180927,"2,791.77","2,805.79","2,810.51","2,786.32",12.4,2781.288,2735.725,2719.0085,8.103,-8.577,33.362,81.88357982,73.22878411,99.19317125,52.453,19.433,26.087,0.681,2.519,2.391,41.667,40.278,118.7970151,38.163,2752.077542
20180928,"2,821.35","2,794.26","2,821.76","2,791.84",13.43,2799.71,2749.202,2723.189,13.428,-4.176,35.208,86.8315503,77.76303951,104.9685719,54.787,3.273,5.688,1.197,3.111,3.331,50,41.667,114.6658586,37.4535,2763.505792
20181008,"2,716.51","2,768.21","2,771.94","2,710.18",14.95,2783.516,2752.689,2722.752,9.083,-1.525,21.215,71.03783132,75.52130345,62.07088707,46.369,60.55,94.597,-2.489,-0.903,-0.411,50,44.444,8.00069943,41.3075,2756.599458
20181009,"2,721.01","2,713.73","2,734.31","2,711.20",11.68,2771.49,2759.611,2722.766,5.934,-0.033,11.934,54.69751033,68.58003907,26.93245285,46.736,58.091,90.756,-1.878,-0.842,-0.159,50,45.833,-13.08068438,40.8185,2748.237333
20181010,"2,725.84","2,723.72","2,743.55","2,703.06",11.35,2755.296,2762.2,2721.529,3.785,0.731,6.109,42.57486634,59.91164816,7.901302706,47.14,74.441,81.67,-1.376,-0.8,0.085,58.333,48.611,-18.6913629,40.6315,2738.585583
20181011,"2,583.46","2,643.07","2,661.29","2,560.32",19.72,2713.634,2747.461,2715.485,-9.3,-1.275,-16.049,31.27191674,50.36507102,-6.914391829,38.211,91.334,91.149,-5.252,-5.786,-4.919,58.333,51.389,-187.9487193,46.5955,2715.257292
20181012,"2,606.91","2,574.04","2,615.92","2,536.67",17.01,2670.746,2735.228,2711.251,-17.575,-4.535,-26.079,28.90289799,43.21101335,0.286667282,40.159,75.835,75.362,-3.299,-4.661,-3.881,58.333,54.167,-173.1596715,48.7745,2695.049625
20181015,"2,568.10","2,605.91","2,611.97","2,564.74",11.86,2641.064,2712.29,2704.541,-26.954,-9.019,-35.87,22.87291512,36.43164727,-4.244549169,38.086,89.187,86.641,-3.223,-5.612,-5.09,50,54.167,-151.2823385,48.8945,2666.284417
20181016,"2,546.33","2,567.76","2,597.72","2,536.44",11.94,2606.128,2688.809,2698.3835,-35.731,-14.361,-42.74,16.40403791,29.75577748,-10.29944125,36.968,96.6,95.225,-3.007,-5.885,-5.597,50,54.167,-137.197151,50.153,2650.749417
20181017,"2,561.61","2,574.31","2,582.55","2,517.57",13,2573.282,2664.289,2693.224,-40.982,-19.686,-42.594,15.76195643,25.09117047,-2.896471635,38.294,85.522,80.512,-1.428,-4.628,-4.821,50,54.167,-111.0373468,52.0085,2634.128917
20181018,"2,486.42","2,544.91","2,544.91","2,485.62",12.54,2553.874,2633.754,2684.7395,-50.627,-25.874,-49.507,10.60110684,20.26114926,-8.718977994,34.562,99.762,99.545,-2.829,-6.573,-7.32,50,52.778,-117.453465,54.563,2609.085292
20181019,"2,550.47","2,460.08","2,553.39","2,449.20",14.73,2542.586,2606.666,2677.934,-52.498,-31.199,-42.598,18.53561134,19.68596995,16.23489412,39.779,68.622,39.257,-0.111,-3.391,-4.708,50,51.389,-92.43374794,57.979,2601.013917
20181022,"2,654.88","2,565.64","2,675.41","2,565.64",21.19,2559.942,2600.503,2676.596,-45.036,-33.966,-22.139,35.64907355,25.00700449,56.93321168,46.972,30.124,9.076,3.654,1.001,-0.785,58.333,51.389,-13.95817586,63.2445,2607.598792
20181023,"2,594.83","2,652.65","2,659.81","2,583.26",17.83,2569.642,2587.885,2673.748,-43.467,-35.866,-15.201,45.2254599,31.74648963,72.18340046,43.83,50.525,35.622,1.133,-0.57,-2.923,50,51.389,-20.29360867,65.386,2612.315542
20181024,"2,603.30","2,579.97","2,640.40","2,577.77",16.01,2577.98,2575.631,2668.9155,-41.066,-36.906,-8.32,52.85782027,38.78359984,81.00626113,44.378,31.877,31.877,1.089,0.117,-2.526,58.333,52.778,-16.71227173,65.723,2615.525125
20181025,"2,603.80","2,540.93","2,606.10","2,531.53",16.2,2601.456,2577.665,2662.563,-38.678,-37.261,-2.834,58.01973837,45.19564602,83.66792307,44.411,31.656,31.656,0.833,0.514,-2.381,58.333,54.167,-34.25416388,66.697,2608.996375
20181026,"2,598.85","2,610.90","2,626.12","2,580.85",15.89,2611.132,2576.859,2656.0435,-36.761,-37.161,0.8,60.73160637,50.37429947,81.44622018,44.137,33.845,33.845,-0.083,0.734,-2.441,50,54.167,4.271352703,67.9665,2609.740458
20181029,"2,542.10","2,593.59","2,595.54","2,529.19",13.42,2588.576,2574.259,2643.2745,-39.367,-37.602,-3.53,54.17708229,51.64189374,59.24745939,41.107,58.932,91.171,-2.213,-1.334,-4.407,50,54.167,-57.58651539,67.6765,2600.237792
20181030,"2,568.05","2,538.57","2,586.92","2,521.78",16.67,2583.22,2576.431,2632.62,-38.89,-37.859,-2.06,53.63128003,52.30502251,56.28379509,42.975,47.46,66.478,-0.662,-0.201,-3.231,50,52.778,-38.39859468,69.6175,2590.1675
20181031,"2,602.78","2,573.01","2,612.92","2,567.03",18.06,2583.116,2580.548,2622.4185,-35.302,-37.348,4.091,58.38507539,54.3317068,66.49181257,45.394,32.107,31.715,0.63,1.035,-1.725,58.333,54.167,45.7500006,69.602,2588.998375
20181101,"2,606.24","2,617.03","2,636.80","2,603.65",20.09,2583.604,2592.53,2613.142,-31.813,-36.241,8.855,57.24879747,55.30407036,61.13825169,45.634,30.578,26.569,0.745,0.974,-1.403,66.667,55.556,85.82733922,70.0935,2593.394875
20181102,"2,676.48","2,649.25","2,676.48","2,628.87",22.5,2599.13,2605.131,2605.8985,-23.114,-33.616,21.003,71.49919831,60.70244634,93.09270225,50.259,0,0,2.978,3.312,1.447,66.667,56.944,148.0551997,72.106,2606.041292
20181105,"2,665.43","2,665.43","2,673.19","2,639.27",19.38,2623.796,2606.186,2603.3445,-16.916,-30.276,26.719,78.61851316,66.67446861,102.5066023,49.567,7.143,7.143,2.117,2.296,1.214,66.667,59.722,122.1642567,68.408,2617.127167
20181106,"2,659.36","2,660.72","2,660.86","2,635.32",16.37,2642.058,2612.639,2600.262,-12.352,-26.691,28.678,82.05681528,71.8019175,102.5666108,49.178,11.067,11.067,1.127,1.709,1.219,58.333,61.111,96.21795317,68.758,2627.937583
20181107,"2,641.34","2,659.84","2,675.68","2,639.25",17.32,2649.77,2616.443,2596.037,-10.073,-23.367,26.589,80.46623281,74.69002261,92.01865322,48.013,22.715,32.106,-0.023,1.063,0.774,50,61.111,89.63006979,68.555,2626.724667
20181108,"2,635.63","2,660.09","2,662.37","2,632.30",15.96,2655.648,2619.626,2598.6455,-8.628,-20.42,23.583,78.17550621,75.85185047,82.82281768,47.64,26.406,56.09,-0.445,0.714,0.854,50,59.722,62.93038708,61.7825,2627.112208
20181109,"2,598.87","2,621.24","2,621.24","2,598.16",15.24,2640.126,2619.628,2598.2435,-10.33,-18.402,16.143,68.7276484,73.47711645,59.2287123,45.276,50.168,99.093,-1.788,-0.677,-0.366,41.667,55.556,-19.38245485,59.6935,2621.5715
20181112,"2,630.52","2,593.20","2,631.17","2,590.21",17.5,2633.144,2628.47,2601.3645,-9.021,-16.526,15.009,65.15450658,70.70291316,54.05769341,47.612,29.709,52.837,-0.303,0.447,0.993,41.667,51.389,6.339151335,59.38,2620.09175
20181113,"2,654.88","2,600.50","2,666.49","2,597.35",24.93,2632.248,2637.153,2606.792,-5.949,-14.41,16.922,68.42378024,69.94320219,65.38493636,49.348,19.735,24.336,0.687,1.197,2.044,50,48.611,51.3864914,59.773,2623.7805
20181114,"2,632.24","2,648.31","2,658.31","2,627.96",23.84,2630.428,2640.099,2610.3235,-5.281,-12.584,14.607,61.85556603,67.24732347,51.07205115,47.811,51.281,50.825,0,0.048,1.095,50,47.222,43.1957784,58.0415,2628.192125
20181115,"2,668.17","2,632.14","2,668.17","2,631.89",20.78,2636.936,2646.292,2619.411,-1.831,-10.434,17.206,71.64147442,68.71204045,77.50034236,50.371,9.633,0,1.193,1.093,2.375,50,47.222,71.64753753,56.056,2636.80525
20181116,"2,679.11","2,669.78","2,695.57","2,657.03",24.22,2652.984,2646.555,2625.843,1.766,-7.994,19.519,75.88677389,71.10361826,85.45308513,51.132,15.623,15.623,1.329,1.263,2.612,50,47.222,115.1935176,52.7735,2643.834292
20181119,"2,703.51","2,681.90","2,703.51","2,674.18",23.17,2667.582,2650.363,2628.2745,6.51,-5.093,23.206,83.92451592,75.37725082,101.0190461,52.817,0,0,1.582,1.873,3.288,50,48.611,159.2610982,47.993,2656.767792
20181120,"2,645.85","2,684.29","2,690.83","2,643.36",21.59,2665.776,2649.012,2630.8255,5.553,-2.964,17.034,72.31919773,74.35789979,68.24179361,48.679,50.891,54.314,-0.68,-0.203,0.95,41.667,48.611,44.15369639,47.173,2655.546167
20181121,"2,651.51","2,619.82","2,653.80","2,617.78",18.26,2669.63,2650.029,2633.236,5.191,-1.333,13.048,66.24751458,71.65443805,55.43366764,49.087,45.896,60.656,-0.446,0.054,0.901,50,48.611,-36.68383603,45.8425,2653.418375
20181122,"2,645.43","2,655.90","2,658.00","2,634.48",14.93,2665.082,2651.009,2635.3175,4.364,-0.194,9.115,60.41096441,67.90661351,45.41966623,48.653,51.262,67.748,-0.757,-0.132,0.518,50,48.611,-12.14797551,43.29,2649.358125
20181123,"2,579.48","2,640.67","2,642.04","2,577.35",19.15,2645.156,2649.07,2634.349,-1.595,-0.474,-2.242,40.8367537,58.8833269,4.743607294,44.225,98.312,98.312,-2.691,-2.432,-1.871,50,48.611,-167.4014518,44.4305,2638.601
20181126,"2,575.81","2,580.84","2,595.00","2,568.04",13.43,2619.616,2643.599,2636.0345,-6.538,-1.687,-9.703,29.13636487,48.96767289,-10.52625117,43.993,94.264,94.264,-2.194,-2.386,-1.981,50,48.611,-180.0639096,42.2955,2627.163625
20181127,"2,574.68","2,585.83","2,592.54","2,566.17",12.37,2605.382,2635.579,2636.366,-10.427,-3.435,-13.984,21.48967696,39.80834092,-15.14765094,43.919,93.804,93.173,-1.434,-2.355,-1.979,50,48.611,-138.2695899,40.357,2615.478792
20181128,"2,601.74","2,575.45","2,601.96","2,561.56",14.6,2595.428,2632.529,2636.314,-11.196,-4.987,-12.418,23.76169846,34.4594601,2.36617519,46.186,71.694,58.337,-0.117,-1.239,-0.946,50,50,-91.83870275,40.0825,2614.883292
20181129,"2,567.44","2,613.78","2,617.55","2,567.44",15.72,2579.83,2622.456,2634.374,-14.407,-6.871,-15.072,17.22190018,28.71360679,-5.761513035,43.842,95.858,93.903,-0.9,-2.27,-2.203,41.667,48.611,-92.33961696,40.887,2608.376208
20181130,"2,588.19","2,564.56","2,590.21","2,555.32",13.93,2581.572,2613.364,2629.9595,-15.104,-8.518,-13.172,19.56677093,25.66466151,7.370989788,45.585,77.819,62.096,0.27,-1.343,-1.485,50,48.611,-90.39156539,39.1195,2605.095708
20181203,"2,654.80","2,647.13","2,665.30","2,629.18",20.75,2597.37,2608.493,2629.428,-10.164,-8.847,-2.634,43.19545049,31.50825784,66.5698358,50.711,26.588,9.547,2.353,1.24,0.912,50,48.611,43.19589835,41.1145,2612.244292
20181204,"2,665.96","2,651.56","2,666.08","2,644.90",16.79,2615.626,2610.504,2629.758,-5.287,-8.135,5.696,62.09418621,41.70356729,102.875424,51.51,0.108,0.108,2.191,1.708,1.235,50,48.611,55.87215924,40.668,2624.019083
20181205,"2,649.81","2,629.83","2,660.39","2,625.91",15.45,2625.24,2610.334,2630.1815,-2.694,-7.047,8.705,69.83298462,51.08003973,107.3388744,50.279,14.689,14.689,1.087,1.264,0.552,41.667,47.222,33.38570863,40.849,2631.271625
20181206,"2,605.18","2,629.82","2,633.68","2,603.13",14.17,2632.788,2606.309,2628.659,-4.193,-6.476,4.566,61.5607402,54.57360655,75.53500748,47.04,54.984,54.984,-0.638,-0.312,-1.03,41.667,45.833,-16.95796891,41.6795,2626.052042
20181207,"2,605.89","2,609.34","2,614.58","2,599.28",10.91,2636.328,2608.95,2629.01,-5.262,-6.233,1.942,56.2595858,55.13559963,58.50755812,47.097,54.343,54.343,-0.853,-0.14,-0.91,41.667,45.833,-22.51515792,40.571,2621.785625
20181210,"2,584.58","2,589.19","2,599.76","2,576.24",11.32,2622.284,2609.827,2626.713,-7.74,-6.535,-2.411,46.31221694,52.19447207,34.54770668,45.572,73.583,90.717,-1.641,-0.763,-1.603,41.667,44.444,-60.21450154,40.0055,2614.357417
20181211,"2,594.09","2,587.01","2,596.15","2,583.20",10.13,2607.91,2611.768,2623.6735,-8.835,-6.995,-3.68,42.54268177,48.97720864,29.67362803,46.38,64.996,80.131,-0.898,-0.445,-1.167,50,44.444,-43.54433665,37.196,2610.448167
20181212,"2,602.15","2,608.11","2,610.01","2,595.07",10.35,2598.378,2611.809,2622.169,-8.948,-7.385,-3.126,42.45532342,46.8032469,33.75947646,47.075,57.719,69.21,-0.184,-0.22,-0.807,58.333,45.833,-6.318233304,36.4745,2607.650375
20181213,"2,634.05","2,607.14","2,645.84","2,599.46",15.07,2604.152,2618.47,2620.463,-6.391,-7.186,1.591,49.75279204,47.78642861,53.68551891,49.765,28.918,16.94,1.141,0.812,0.353,66.667,50,57.50311496,36.9795,2611.926583
20181214,"2,593.74","2,627.28","2,629.16","2,593.74",14.59,2601.722,2619.025,2616.1945,-7.53,-7.255,-0.55,39.66155266,45.07813663,28.82838474,46.64,80.521,74.856,-0.333,-0.705,-1.125,58.333,52.778,-8.19821876,37.068,2610.186958
20181217,"2,597.97","2,587.26","2,598.97","2,573.87",11.74,2604.4,2613.342,2610.9175,-7.999,-7.404,-1.19,35.72597886,41.96075071,23.25643517,47.004,73.864,66.514,-0.12,-0.64,-0.875,66.667,56.944,-59.11490689,36.8565,2608.825417
20181218,"2,576.65","2,583.63","2,599.15","2,563.57",11.7,2600.912,2604.411,2607.4575,-9.976,-7.918,-4.116,29.11694243,37.67948128,11.99186473,45.374,86.49,84.101,-0.89,-1.419,-1.601,58.333,59.722,-88.20284978,35.628,2602.60625
20181219,"2,549.56","2,578.68","2,579.87","2,547.08",10.77,2590.394,2594.386,2602.36,-13.573,-9.049,-9.047,20.24834099,31.86910119,-2.993179393,43.38,97.489,97.489,-1.651,-2.127,-2.451,50,59.722,-138.7403799,35.4665,2593.602292
20181220,"2,536.27","2,544.51","2,554.86","2,516.02",12.06,2570.838,2587.495,2596.902,-17.296,-10.699,-13.195,18.698401,27.47886779,1.137467431,42.425,84.401,84.401,-1.747,-2.232,-2.738,41.667,56.944,-175.4303498,36.2325,2581.64925
20181221,"2,516.25","2,526.55","2,527.42","2,498.69",11.57,2555.34,2578.531,2593.7405,-21.613,-12.882,-17.463,16.4434011,23.80037889,1.729445511,41.007,88.067,86.541,-1.776,-2.585,-3.217,41.667,52.778,-185.1972059,34.7075,2568.134708
20181224,"2,527.01","2,506.74","2,529.44","2,500.44",9.73,2541.148,2572.774,2591.3005,-23.891,-15.083,-17.614,17.37748996,21.65941592,8.813638052,42.092,80.754,71.81,-0.926,-1.921,-2.617,50,51.389,-142.7713654,34.8095,2561.236583
20181225,"2,504.82","2,503.95","2,513.96","2,462.84",14.07,2526.782,2563.847,2587.8075,-27.173,-17.501,-19.343,19.23162354,20.85015179,15.99456705,40.489,77.06,69.203,-1.194,-2.464,-3.245,41.667,47.222,-151.4336863,36.6995,2551.755625
20181226,"2,498.29","2,501.12","2,513.83","2,492.08",10.88,2516.528,2553.461,2582.635,-29.956,-19.992,-19.927,19.9258603,20.54205463,18.69347165,40.02,80.628,69.709,-0.941,-2.445,-3.268,41.667,44.444,-111.0186928,35.767,2543.903125
20181227,"2,483.09","2,527.72","2,532.00","2,483.09",13.54,2505.892,2538.365,2578.4175,-33.007,-22.595,-20.824,18.23585463,19.7733213,15.16092131,38.927,87.825,77.994,-1.11,-2.687,-3.706,33.333,41.667,-96.32329925,35.707,2534.106667
20181228,"2,493.90","2,483.62","2,505.11","2,478.32",11.92,2501.422,2528.381,2573.703,-34.159,-24.908,-18.503,19.7526684,19.766437,19.72513121,40.141,77.214,55.09,-0.399,-1.917,-3.159,33.333,40.278,-90.90490564,35.302,2527.997417
20190102,"2,465.29","2,497.88","2,500.28","2,456.42",10.99,2489.078,2515.113,2564.2275,-36.955,-27.317,-19.276,15.56347733,18.36545044,9.959531102,38.052,93.785,88.264,-1.207,-2.503,-4.1,25,37.5,-103.2403869,33.6395,2517.239375
20190103,"2,464.36","2,461.78","2,488.48","2,455.93",12.44,2480.986,2503.884,2554.1475,-38.799,-29.614,-18.37,13.21604375,16.64898154,6.350168158,37.985,93.198,88.918,-0.829,-2.122,-3.923,25,33.333,-98.6891636,34.208,2507.852708
20190104,"2,514.87","2,446.02","2,515.32","2,440.91",16.89,2484.302,2500.415,2547.4005,-35.772,-30.845,-9.853,35.87550353,23.05782221,61.51086618,43.615,35.094,18.806,1.136,0.16,-1.87,25,30.556,-60.17931522,35.926,2506.600958
20190107,"2,533.09","2,528.70","2,536.98","2,515.51",17.73,2494.302,2500.097,2543.796,-31.539,-30.984,-1.11,55.90062541,34.00542327,99.69102967,45.477,4.049,4.049,1.631,1.031,-1.07,33.333,29.167,24.59476797,34.6975,2511.892333
20190108,"2,526.46","2,530.30","2,531.34","2,520.16",15.81,2500.814,2501.118,2539.8245,-28.392,-30.466,4.147,66.9503007,44.98704908,110.8768039,44.914,10.95,10.95,1.072,0.844,-1.122,33.333,29.167,35.3617633,34.579,2517.400292
20190109,"2,544.34","2,536.42","2,574.41","2,536.16",19.19,2516.624,2502.851,2537.8125,-24.177,-29.208,10.062,70.45875228,53.47761682,104.4210232,46.77,22.524,22.524,1.446,1.531,-0.225,41.667,30.556,121.1002981,35.494,2521.622917
20190110,"2,535.10","2,543.85","2,551.83","2,531.66",15.99,2530.772,2505.879,2534.863,-21.336,-27.633,12.595,70.49060389,59.14861251,93.17458666,45.935,29.446,29.446,0.611,1.099,-0.4,41.667,33.333,94.94499669,35.855,2524.3545
20190111,"2,553.83","2,539.55","2,554.79","2,533.36",14.94,2538.564,2511.433,2532.447,-17.372,-25.581,16.417,75.18849248,64.49523917,96.57499911,47.902,15.416,15.416,0.758,1.755,0.42,41.667,36.111,112.6502601,36.1305,2530.318
20190114,"2,535.77","2,553.33","2,556.29","2,533.01",14.48,2539.1,2516.701,2527.533,-15.51,-23.567,16.114,73.81105491,67.60051108,86.23214258,46.211,28.944,65.603,-0.092,0.932,-0.176,41.667,38.889,81.96848368,34.9755,2529.890958
20190115,"2,570.34","2,537.37","2,571.50","2,532.43",16.03,2547.876,2524.345,2526.363,-11.117,-21.077,19.921,81.52447356,72.24183191,100.0897569,49.754,3.049,7.502,1.023,2.064,1.209,50,41.667,107.5010985,34.9135,2535.58825
20190116,"2,570.42","2,569.07","2,574.24","2,563.01",14.93,2553.092,2534.858,2524.9855,-7.541,-18.37,21.657,86.68672769,77.05679717,105.9465887,49.762,2.989,9.333,0.736,1.773,1.251,58.333,45.833,115.1913245,34.22,2540.277417
20190117,"2,559.64","2,573.58","2,582.56","2,557.71",16.25,2558,2544.386,2524.135,-5.514,-15.799,20.569,79.7300034,77.94786591,83.29427837,48.673,16.181,45.029,0.214,1.127,0.897,50,47.222,96.03128208,33.6835,2544.061042
20190118,"2,596.01","2,567.74","2,598.88","2,565.90",19.08,2566.436,2552.5,2526.4575,-0.962,-12.831,23.739,85.27139115,80.38904099,95.03609148,52.343,3.442,4.319,1.235,2.124,2.395,58.333,50,123.9040953,34.006,2552.042083
20190121,"2,610.51","2,599.06","2,618.98","2,599.06",16.34,2581.384,2560.242,2530.1695,3.773,-9.51,26.566,86.94760937,82.57523045,95.69236721,53.719,8.571,9.786,1.427,2.205,2.938,66.667,54.167,153.4673571,33.2125,2561.717375
20190122,"2,579.70","2,609.64","2,609.64","2,573.06",15.25,2583.256,2565.566,2533.342,4.981,-6.612,23.187,76.30375058,80.48473716,67.94177741,50.486,44.984,45.384,-0.054,0.785,1.754,58.333,56.944,95.22043498,33.206,2567.363208
20190123,"2,581.00","2,575.26","2,589.51","2,572.41",13.14,2585.372,2569.232,2536.0415,5.975,-4.095,20.139,69.57511737,76.84819723,55.02895764,50.617,43.495,61.988,-0.073,0.679,1.798,58.333,58.333,69.85312721,32.611,2568.229542
20190124,"2,591.69","2,584.65","2,597.29","2,569.70",15.4,2591.782,2574.891,2540.385,7.538,-1.768,18.613,69.20644258,74.30094568,59.01743639,51.712,31.531,44.541,0.204,0.882,2.149,66.667,59.722,74.1962775,30.782,2569.992292
20190125,"2,601.72","2,596.26","2,617.00","2,595.63",15.94,2592.924,2579.68,2545.5565,9.477,0.481,17.992,72.82355175,73.80848104,70.85369317,52.738,19.942,32.517,0.319,1.084,2.434,66.667,62.5,115.773732,30.96,2576.068917
20190128,"2,596.98","2,615.71","2,630.32","2,591.10",14.7,2590.218,2585.801,2551.251,10.51,2.487,16.047,66.57685436,71.39793881,56.93468545,52.191,34.059,54.998,0.13,0.698,2.112,66.667,63.889,104.1353572,30.4755,2580.153792
20190129,"2,594.25","2,592.35","2,601.74","2,559.98",15.56,2593.128,2588.192,2556.2685,10.982,4.186,13.592,61.15911853,67.98499872,47.50735816,51.868,49.676,51.279,0.13,0.461,1.893,58.333,62.5,30.55565281,31.224,2581.786083
20190130,"2,575.58","2,584.75","2,598.82","2,575.41",12.05,2592.044,2588.708,2561.783,9.737,5.296,8.882,48.16540989,61.37846911,21.73929145,49.673,75.389,77.822,-0.565,-0.39,1.042,58.333,62.5,15.16128028,30.2015,2581.644083
20190131,"2,584.57","2,581.33","2,606.63","2,571.58",15.43,2590.62,2591.201,2567.7935,9.368,6.11,6.515,43.76319715,55.50671179,20.27616788,50.721,65.041,65.041,-0.24,-0.088,1.252,58.333,62.5,25.29369665,30.3265,2582.55775
20190201,"2,618.23","2,597.78","2,618.48","2,590.55",13.2,2593.922,2593.423,2572.9615,11.657,7.22,8.875,56.77948335,55.93096898,58.47651209,54.428,17.188,17.188,0.887,1.058,2.345,58.333,61.111,125.6214441,28.3015,2587.949958
20190211,"2,653.90","2,613.17","2,654.10","2,613.17",15.49,2605.306,2597.762,2579.002,16.163,9.008,14.31,71.11549067,60.99247621,91.36151959,57.929,0.212,0.212,1.919,2.125,3.47,66.667,61.111,211.4273894,29.2425,2600.124667
20190212,"2,671.89","2,654.03","2,674.48","2,648.83",18.41,2620.834,2606.981,2586.2735,20.945,11.396,19.098,79.98965753,67.32486998,105.3192326,59.563,2.262,2.262,2.121,2.568,3.823,66.667,61.111,224.6792773,29.8785,2613.921292
20190213,"2,721.07","2,674.52","2,727.07","2,666.52",24.38,2649.932,2620.988,2595.11,28.375,14.792,27.167,85.46281197,73.37085064,109.6467346,63.598,3.591,3.859,3.167,4.087,5.296,66.667,62.5,245.2832342,30.5085,2632.287917
20190214,"2,719.70","2,715.54","2,729.45","2,707.49",19.7,2676.958,2633.789,2604.34,33.764,18.586,30.356,88.39079776,78.37749968,108.4173939,63.414,5.753,6.176,2.184,3.573,4.897,66.667,63.889,184.3440437,30.598,2649.000417
20190215,"2,682.39","2,712.79","2,715.63","2,679.78",19.6,2689.79,2641.856,2610.768,34.625,21.794,25.663,83.00422295,79.91974077,89.17318732,58.598,27.769,33.88,0.169,1.824,3.21,58.333,63.889,106.322839,31.5225,2657.670542
20190218,"2,754.36","2,699.82","2,754.36","2,699.82",26.04,2709.882,2657.594,2621.6975,40.647,25.564,30.164,88.66948197,82.83632117,100.3358036,64.088,0,0,1.992,4.021,5.593,58.333,63.889,136.5046938,33.957,2672.238125
20190219,"2,755.65","2,759.50","2,780.78","2,737.59",28.8,2726.634,2673.734,2630.963,45.004,29.452,31.103,88.44217855,84.7049403,95.91665505,64.176,12.012,19.045,1.403,3.568,5.287,58.333,62.5,132.8313236,34.163,2684.996792
20190220,"2,761.22","2,761.06","2,767.41","2,739.98",24.6,2734.664,2692.298,2640.503,48.349,33.232,30.235,88.86735574,86.09241211,94.41724301,64.571,9.35,17.119,1.055,3.246,5.122,66.667,62.5,109.4514385,34.973,2701.094708
20190221,"2,751.80","2,759.94","2,794.01","2,744.98",29.86,2741.084,2709.021,2650.111,49.667,36.519,26.297,84.79787884,85.66090102,83.07183447,63.339,20.746,36.952,0.522,2.391,4.435,66.667,62.5,100.2266511,36.182,2707.846083
20190222,"2,804.23","2,749.46","2,804.23","2,736.33",30.15,2765.452,2727.621,2660.522,54.317,40.078,28.477,89.86525256,87.06235153,95.47105461,66.997,0,0,1.912,3.608,5.975,75,63.889,103.9188947,37.615,2722.782792
20190225,"2,961.28","2,838.39","2,961.80","2,838.39",52.87,2806.836,2758.359,2678.0605,69.869,46.037,47.665,93.18480036,89.10316781,101.3480655,74.841,0.166,0.198,5.832,8.156,11.226,75,66.667,207.900996,44.345,2763.307625
20190226,"2,941.52","2,969.10","2,995.68","2,938.62",56.56,2844.01,2785.322,2696.1515,79.681,52.765,53.831,89.74164489,89.3159935,90.59294768,72.577,16.454,20.883,3.967,6.387,9.845,66.667,68.056,197.3981626,45.3255,2798.173917
20190227,"2,953.82","2,939.93","2,997.49","2,924.64",47.5,2882.53,2808.597,2714.7925,87.441,59.701,55.482,88.57935014,89.07044572,87.59715899,73.105,13.745,16.722,3.197,5.875,9.632,66.667,69.444,160.0175457,48.113,2829.805417
20190228,"2,940.95","2,950.05","2,965.30","2,930.20",35.02,2920.36,2830.722,2732.2555,91.499,66.06,50.877,86.05483736,88.06524293,82.03402622,71.598,17.796,21.65,1.683,4.573,8.576,58.333,68.056,116.4303656,48.4885,2845.571167
20190301,"2,994.01","2,954.40","2,994.01","2,930.83",34.58,2958.316,2861.884,2751.87,97.867,72.422,50.891,90.25905275,88.79651287,93.18413252,73.912,1.169,1.333,2.093,5.606,9.886,58.333,66.667,107.6334468,50.382,2870.627292
20190304,"3,027.58","3,015.94","3,090.80","3,006.94",52.56,2971.576,2889.206,2773.4,104.42,78.821,51.197,87.56100926,88.38467833,85.91367111,75.243,17.835,25.047,1.944,5.832,10.362,66.667,65.278,122.9508711,53.2605,2897.876875
20190305,"3,054.25","3,019.88","3,054.96","3,009.45",42.41,2994.122,2919.066,2796.4,110.491,85.155,50.671,88.27028325,88.34654664,88.11775646,76.248,10.311,21.997,2.308,5.62,10.54,75,65.278,102.5969079,53.448,2924.689375
20190306,"3,102.10","3,060.43","3,103.83","3,050.11",55.5,3023.778,2953.154,2822.726,117.805,91.685,52.24,92.02327273,89.572122,96.92557419,77.926,0.471,0.965,2.987,6.211,11.414,75,66.667,111.6878579,54.9635,2954.213792
20190307,"3,106.42","3,103.67","3,129.94","3,074.98",58.38,3056.872,2988.616,2848.8185,122.538,97.856,49.365,91.99310619,90.37911673,95.22108511,78.071,5.975,11.775,2.267,5.305,10.733,75,68.056,111.8810607,55.959,2980.972958
20190308,"2,969.86","3,038.34","3,075.05","2,969.58",57.79,3052.042,3005.179,2866.4,113.956,101.076,25.761,68.67083845,83.14302397,39.72646741,64.097,54.907,80.398,-2.383,0.086,5.282,66.667,69.444,46.818646,61.1055,2983.887083
20190311,"3,026.99","2,969.08","3,028.25","2,963.58",42.62,3051.924,3011.75,2885.0545,110.491,102.959,15.064,62.39851643,76.22818812,34.73917304,66.699,50.146,61.884,-0.685,1.229,6.626,75,72.222,41.83068302,62.2925,2989.398833
20190312,"3,060.31","3,049.08","3,093.39","3,029.90",51.12,3053.136,3023.629,2904.4755,109.175,104.202,9.946,63.31223815,71.92287146,46.09097151,68.106,33.916,41.855,0.229,1.618,7.038,75,73.611,77.6319959,64.33,2997.110333
20190313,"3,026.95","3,062.33","3,065.29","3,013.93",45.32,3038.106,3030.942,2919.7695,104.239,104.209,0.059,58.29976642,67.38183645,40.13562636,65.227,51.562,61.908,-0.716,0.328,5.193,66.667,72.222,45.32689013,63.8705,3005.921958
20190314,"2,990.68","3,013.60","3,041.16","2,968.82",37.31,3014.958,3035.915,2933.3185,96.29,102.626,-12.671,44.29650213,59.68672501,13.51605637,62.243,69.941,83.71,-1.304,-1.009,3.375,66.667,70.833,-14.16450797,66.3895,3002.665042
20190315,"3,021.75","3,000.88","3,048.12","2,999.43",34.12,3025.336,3038.689,2950.2865,91.443,100.389,-17.891,41.18644744,53.51996582,16.51941068,63.726,65.034,55.188,0.188,-0.168,3.899,66.667,69.444,10.58596571,67.2655,3001.581
20190318,"3,096.42","3,027.80","3,096.42","3,009.51",39.78,3039.222,3045.573,2967.3895,92.561,98.823,-12.525,54.07460686,53.70484617,54.81412825,66.98,20.149,0,1.95,1.863,5.822,75,70.833,76.26708138,68.0125,3020.158208
20190319,"3,090.97","3,099.90","3,113.43","3,076.36",35.09,3045.354,3049.245,2984.1555,91.947,97.448,-11.003,61.57470384,56.32813206,72.06784742,66.526,23.425,15.531,1.415,1.415,5.083,66.667,69.444,109.1473565,67.7065,3037.393042
20190320,"3,090.64","3,084.17","3,102.52","3,053.45",35.86,3058.092,3048.099,3000.6265,90.391,96.037,-11.291,69.31362194,60.65662869,86.62760844,66.497,23.623,15.76,1.236,1.229,4.522,58.333,66.667,77.65996184,68.7885,3049.829125
20190321,"3,101.45","3,094.12","3,125.02","3,086.85",41.43,3080.246,3047.602,3018.109,89.005,94.63,-11.251,74.67579751,65.32968496,93.36802262,66.981,14.6,15.09,1.179,1.453,4.272,58.333,65.278,106.3722711,68.2455,3058.706417
20190322,"3,104.15","3,100.73","3,107.28","3,064.88",36.48,3096.726,3061.031,3033.105,87.12,93.128,-12.017,78.66350649,69.77429214,96.4419352,67.105,12.927,16.618,0.646,1.535,3.854,58.333,63.889,70.01586171,66.9705,3068.324375
20190325,"3,043.03","3,058.80","3,087.00","3,041.95",38.03,3086.048,3062.635,3037.1925,79.775,90.458,-21.366,68.27887202,69.27581877,66.28497853,61.646,52.49,70.981,-1.449,-0.292,1.403,50,61.111,-2.192740004,62.202,3064.944792
20190326,"2,997.10","3,057.56","3,062.69","2,988.49",35.35,3067.274,3056.314,3039.9715,69.447,86.255,-33.618,51.55424588,63.3686278,27.92548203,57.95,81.895,93.694,-2.413,-1.87,-0.454,50,56.944,-74.24679328,63.059,3053.372875
20190327,"3,022.72","3,012.26","3,022.76","2,987.77",29.14,3053.69,3055.891,3043.4165,62.607,81.526,-37.837,42.85765754,56.53163772,15.5096972,59.368,65.493,74.536,-1.213,-1.019,0.022,50,54.167,-72.27569198,61.166,3044.515583
20190328,"2,994.94","3,009.80","3,025.78","2,991.78",28.81,3032.388,3056.317,3046.116,54.319,76.084,-43.53,30.3131196,47.79213168,-4.644904553,57.186,94.776,94.776,-1.608,-1.754,-1.157,41.667,51.389,-86.04976129,61.111,3035.833583
20190329,"3,090.76","3,000.68","3,093.03","2,999.99",37.51,3029.71,3063.218,3050.9535,54.851,71.838,-33.974,45.22149686,46.9352534,41.79398376,62.188,24.962,13.823,1.599,1.213,1.824,50,50,23.04791395,62.8565,3045.731917
20190401,"3,170.36","3,111.66","3,176.62","3,111.66",46.61,3055.176,3070.612,3058.0925,60.992,69.668,-17.354,62.37606454,52.08219045,82.96381271,65.665,3.315,3.315,3.839,3.313,4.119,58.333,50,176.166204,62.31,3066.322083
20190402,"3,176.82","3,183.27","3,193.27","3,164.91",44.71,3091.12,3079.197,3064.221,65.623,68.859,-6.472,72.24908763,58.80448951,99.13828387,65.93,8.005,8.005,3.296,3.09,4.014,58.333,51.389,173.1413531,61.4525,3091.816083
20190403,"3,216.30","3,159.15","3,219.26","3,152.33",43.05,3129.836,3091.763,3069.931,71.653,69.418,4.47,81.07316744,66.22738215,110.764738,67.531,1.279,1.279,3.352,4.033,4.913,58.333,52.778,162.2077565,62.113,3115.336083
20190404,"3,246.57","3,233.69","3,254.14","3,216.85",46.91,3180.162,3106.275,3076.9385,77.976,71.13,13.693,86.43480775,72.96319068,113.3780419,68.706,2.842,2.885,3.089,4.574,5.538,66.667,55.556,171.8488136,61.257,3136.007542
20190408,"3,244.81","3,271.27","3,288.45","3,210.52",50.45,3210.972,3120.341,3090.686,81.901,73.284,17.234,86.11861557,77.34833231,103.6591821,68.556,14.514,15.129,1.688,4.086,5.171,66.667,59.722,138.5129205,58.3115,3158.733375
20190409,"3,239.66","3,240.39","3,251.65","3,215.70",36.42,3224.832,3140.004,3101.3195,83.632,75.354,16.556,85.33689266,80.01118576,95.98830647,68.1,16.227,27.598,0.743,3.539,4.742,58.333,61.111,101.8289693,56.8755,3172.421958
20190410,"3,241.93","3,224.65","3,264.78","3,204.88",38.01,3237.854,3164.487,3110.4005,84.216,77.126,14.179,84.99768755,81.67335302,91.64635659,68.197,15.472,34.176,0.441,3.232,4.618,58.333,61.111,86.91417912,56.5505,3180.158042
20190411,"3,189.96","3,241.55","3,254.13","3,185.55",35.3,3232.586,3181.211,3118.551,79.568,77.614,3.907,78.617331,80.65467902,74.54263496,63.567,33.199,72.355,-1.236,1.183,2.826,58.333,61.111,56.55097086,57.4115,3181.233375
20190412,"3,188.63","3,184.86","3,199.28","3,168.04",28.98,3220.998,3200.58,3128.4485,74.913,77.074,-4.322,66.92406413,76.07780739,48.61657762,63.452,34.604,82.9,-1.136,0.631,2.482,58.333,61.111,32.53829817,55.3565,3182.292542
20190415,"3,177.79","3,233.46","3,253.98","3,177.27",34.88,3207.594,3209.283,3136.2505,69.548,75.569,-12.041,50.85073763,67.66878414,17.21464463,62.49,62.594,91.903,-1.12,-0.118,1.928,50,58.333,41.58920059,56.32,3179.262833
20190416,"3,253.60","3,164.40","3,253.60","3,153.21",35.79,3210.382,3217.607,3144.1095,70.6,74.575,-7.951,58.69968854,64.67908561,46.74089442,66.226,25.602,10.021,1.192,1.577,4.09,58.333,56.944,51.70825202,56.994,3192.285917
20190417,"3,263.12","3,250.15","3,275.33","3,239.80",35.75,3214.62,3226.237,3152.717,71.379,73.936,-5.114,66.2232371,65.19380277,68.28210576,66.661,18.609,9.998,1.365,1.419,4.067,58.333,56.944,93.39102548,56.917,3205.213625
20190418,"3,250.20","3,261.07","3,271.39","3,241.83",32.55,3226.668,3229.627,3160.695,70.145,73.178,-6.066,68.05447395,66.14735983,71.86870219,65.467,28.283,20.578,0.921,0.809,3.299,50,55.556,88.17893105,55.9415,3215.250208
20190419,"3,270.80","3,250.15","3,274.33","3,226.81",31.52,3243.102,3232.05,3169.1625,70.022,72.546,-5.049,77.46649393,69.92040453,92.55867274,66.467,13.051,3.709,1.137,1.202,3.612,50,54.167,90.69613826,56.409,3224.126667
20190422,"3,215.04","3,278.49","3,279.49","3,206.88",35.32,3250.552,3229.073,3174.707,64.68,70.973,-12.587,67.96520354,69.26867087,65.35826888,61.443,51.037,51.037,-0.722,-0.52,1.686,41.667,51.389,23.99283362,57.9195,3222.580292
20190423,"3,198.59","3,211.87","3,231.58","3,186.76",32.84,3239.55,3224.966,3182.485,58.445,68.467,-20.046,57.28880743,65.27538305,41.31565617,60.046,64.064,64.064,-1.336,-0.906,1.023,33.333,48.611,-70.31934083,57.0505,3220.091042
20190424,"3,201.61","3,203.56","3,210.65","3,156.61",27.49,3227.248,3220.934,3192.7105,53.135,65.401,-24.532,50.96838033,60.50638214,31.89237669,60.219,61.672,63.379,-0.978,-0.702,0.971,41.667,45.833,-117.4784507,56.0425,3213.815333
20190425,"3,123.83","3,190.59","3,193.75","3,123.03",32.59,3201.974,3214.321,3197.766,42.164,60.753,-37.179,34.14935782,51.72070737,-0.993341286,53.932,99.489,99.489,-2.685,-2.823,-1.511,41.667,43.056,-187.9836367,58.222,3199.2615
20190426,"3,086.40","3,108.16","3,129.21","3,085.80",28.09,3165.094,3204.098,3202.339,30.103,54.623,-49.041,22.86949633,42.10363702,-15.59878506,51.246,99.69,99.69,-3.026,-3.599,-2.669,33.333,40.278,-223.4279687,58.6925,3180.990375
20190429,"3,062.50","3,090.63","3,107.76","3,050.03",29.21,3134.586,3192.569,3200.926,18.403,47.379,-57.952,17.05783035,33.7550348,-16.33657855,49.6,94.566,94.566,-2.716,-4.027,-3.447,33.333,37.5,-196.9585061,56.6745,3157.710042
20190430,"3,078.34","3,052.62","3,088.41","3,052.62",22.23,3110.536,3175.043,3196.325,10.291,39.962,-59.342,15.48444101,27.66483687,-8.876350704,50.695,87.662,84.406,-1.5,-3.252,-3.051,41.667,37.5,-149.6749407,54.171,3144.775417
20190506,"2,906.46","2,984.73","2,986.54","2,876.47",32.7,3051.506,3139.377,3182.807,-9.894,29.991,-79.768,12.80340002,22.71102459,-7.011849103,40.684,92.559,91.026,-5.528,-8,-8.324,41.667,38.889,-220.7728212,62.8465,3108.576125
20190507,"2,926.39","2,914.29","2,937.28","2,889.07",25.33,3012.018,3106.996,3168.3115,-24.005,19.191,-86.393,12.66442737,19.36215885,-0.731035588,42.069,87.614,84.266,-3.44,-6.563,-7.613,41.667,38.889,-165.3778587,61.9105,3075.325375
20190508,"2,893.76","2,873.14","2,929.43","2,866.70",23.15,2973.49,3069.292,3150.671,-37.39,7.875,-90.531,10.91499718,16.54643829,-0.347885035,40.456,93.445,89.692,-3.293,-6.688,-8.405,33.333,37.5,-139.1423142,63.155,3038.252333
20190509,"2,850.95","2,871.20","2,888.86","2,845.04",20,2931.18,3032.883,3130.978,-50.866,-3.873,-93.986,7.815490313,13.6361223,-3.825773659,38.438,98.471,97.75,-3.458,-7.071,-9.379,33.333,37.5,-130.3741884,61.6945,3010.575125
20190510,"2,939.21","2,878.23","2,941.45","2,838.38",28.23,2903.354,3006.945,3115.9555,-53.804,-13.859,-79.889,14.66807514,13.98010658,16.04401226,44.403,72.915,59.673,0.228,-3.324,-6.278,33.333,37.5,-90.27658858,65.0505,2995.842625
20190513,"2,903.71","2,905.07","2,921.41","2,892.17",21.2,2902.804,2977.155,3099.0445,-58.324,-22.752,-71.144,17.26648166,15.07556494,21.6483151,42.668,81.616,55.906,0.01,-3.669,-7.024,33.333,36.111,-75.71414918,64.4075,2978.68175
20190514,"2,883.61","2,872.83","2,909.20","2,872.83",20.83,2894.248,2953.133,3083.727,-62.805,-30.763,-64.084,17.10779031,15.7529734,19.81742413,41.705,84.448,56.117,-0.552,-3.496,-7.218,33.333,34.722,-72.84181533,62.797,2970.059875
20190515,"2,938.68","2,902.64","2,945.39","2,902.64",23.05,2903.232,2938.361,3071.2295,-61.206,-36.852,-48.71,24.77692226,18.76095635,36.80885409,45.238,62.766,6.27,1.276,-0.926,-5.057,33.333,33.333,-43.20589597,64.324,2961.925708
20190516,"2,955.71","2,933.50","2,956.17","2,929.06",24.84,2924.184,2927.682,3060.1255,-57.898,-41.061,-33.674,42.91508641,26.81233304,75.12059314,46.288,53.074,0.391,1.502,0.121,-4.14,41.667,34.722,-24.95716892,61.844,2962.561792
20190517,"2,882.30","2,955.77","2,956.78","2,873.80",26.63,2912.802,2908.078,3041.5605,-60.502,-44.949,-31.106,40.97492247,31.53319618,59.85837504,42.612,70.356,62.905,-1.196,-1.8,-6.065,41.667,36.111,-49.82915555,60.9735,2954.865542
20190520,"2,870.60","2,874.80","2,882.63","2,838.45",20.95,2906.18,2904.492,3021.9345,-62.786,-48.517,-28.54,36.38756092,33.15131776,42.86004725,42.056,72.787,72.83,-1.21,-1.663,-6.038,41.667,37.5,-85.9335974,61.406,2937.429042
20190521,"2,905.97","2,867.71","2,919.24","2,862.50",21.14,2910.652,2902.45,3004.723,-61.039,-51.021,-20.036,43.28709017,36.52990856,56.80145337,44.345,42.914,42.939,-0.006,0.041,-4.512,41.667,38.889,-47.36892696,62.765,2925.484292
20190522,"2,891.70","2,905.52","2,912.40","2,879.64",20,2901.256,2902.244,2985.768,-60.113,-52.839,-14.546,43.86932137,38.9763795,53.65520512,43.62,54.966,54.999,-0.543,-0.408,-4.608,41.667,40.278,-43.76363444,62.027,2921.558458
20190523,"2,852.52","2,880.84","2,885.14","2,846.96",19.73,2880.618,2902.401,2967.642,-61.827,-54.637,-14.381,33.20970618,37.05415506,25.52080841,41.667,88.057,88.11,-1.404,-1.549,-5.379,33.333,40.278,-131.7417647,60.6335,2910.391333
20190524,"2,852.99","2,847.84","2,871.86","2,846.02",16.72,2874.756,2893.779,2950.362,-62.429,-56.195,-12.467,26.23569414,33.44800142,11.81107959,41.7,87.712,87.712,-0.801,-1.417,-4.823,41.667,40.278,-124.3317757,59.6845,2896.526958
20190527,"2,892.38","2,851.28","2,898.13","2,833.04",19.67,2879.112,2892.646,2934.9005,-59.046,-56.765,-4.561,33.47559287,33.45719857,33.51238148,44.422,52.045,31.16,0.51,-0.175,-3.027,50,41.667,-56.19774064,60.237,2894.001375
20190528,"2,909.91","2,890.27","2,924.04","2,887.08",22.33,2879.9,2895.276,2924.2045,-54.325,-56.277,3.905,43.02445915,36.64628543,55.78080658,45.601,37.878,15.527,0.89,0.515,-1.945,50,43.056,45.11523511,58.156,2897.137375
20190529,"2,914.70","2,894.83","2,934.98","2,890.66",19.9,2884.5,2892.878,2915.6195,-49.624,-54.947,10.645,50.68070996,41.32442694,69.39327599,45.928,34.007,19.894,1.005,0.648,-1.368,58.333,45.833,57.69931681,58.2015,2900.726333
20190530,"2,905.81","2,903.42","2,907.85","2,881.38",20.58,2895.158,2887.888,2907.785,-46.085,-53.174,14.178,57.58218281,46.74367889,79.25919063,45.4,41.191,28.615,0.615,0.277,-1.261,58.333,48.611,8.961971436,56.981,2900.937292
20190531,"2,898.70","2,904.50","2,922.91","2,895.58",19.52,2904.3,2889.528,2898.803,-43.355,-51.21,15.712,59.85826771,51.1152085,77.34438613,44.968,35.59,35.59,0.102,0.147,-1.078,50,51.389,34.58307376,56.558,2898.848875
20190603,"2,890.08","2,901.74","2,920.83","2,875.90",21.59,2903.84,2891.476,2897.984,-41.409,-49.25,15.683,58.55700615,53.59580772,68.47940301,44.433,44.046,44.046,-0.408,0.038,-1.044,41.667,51.389,-2.357935851,48.711,2896.770583
20190604,"2,862.28","2,887.64","2,888.39","2,851.97",18.85,2894.314,2887.107,2894.7785,-41.63,-47.726,12.192,48.59918388,51.93026644,41.93701876,42.722,71.316,87.58,-1.196,-0.867,-1.681,41.667,50,-84.14911835,48.206,2890.670458
20190605,"2,861.42","2,882.94","2,888.77","2,858.57",18.16,2883.658,2884.079,2893.1615,-41.398,-46.46,10.126,41.67942453,48.51331913,28.01163532,42.669,72.16,88.616,-0.949,-0.87,-1.427,41.667,48.611,-63.06001366,46.5795,2884.947875
20190606,"2,827.80","2,862.33","2,862.33","2,822.19",17.71,2868.056,2881.607,2892.004,-43.426,-45.853,4.856,29.44423142,42.15695656,4.018781131,40.613,95.026,94.43,-1.619,-1.813,-2.233,33.333,44.444,-147.5818586,46.1505,2874.219125
20190610,"2,852.13","2,833.01","2,861.13","2,824.36",16.66,2858.742,2881.521,2887.65,-42.579,-45.198,5.239,28.47778977,37.5972343,10.23890071,42.698,73.455,70.274,-0.463,-0.855,-1.315,41.667,41.667,-108.101883,42.8355,2869.22375
20190611,"2,925.72","2,854.07","2,927.43","2,854.07",26.05,2865.87,2884.855,2888.7505,-35.56,-43.271,15.422,49.58187728,41.59211529,65.56140126,48.415,8.21,1.625,1.945,1.488,1.232,50,41.667,66.5451871,44.2485,2877.508042
20190612,"2,909.38","2,917.22","2,924.70","2,903.88",24.03,2875.29,2884.802,2890.039,-30.959,-40.808,19.699,60.67082709,47.95168589,86.1091095,47.321,22.697,17.151,1.262,0.757,0.644,41.667,41.667,88.78689612,43.522,2886.607458
20190613,"2,910.74","2,905.29","2,918.42","2,885.92",21.3,2885.154,2884.406,2888.642,-26.892,-38.025,22.265,68.49422174,54.79919784,95.88426953,47.424,15.859,15.859,1.025,0.751,0.604,41.667,41.667,58.32966454,42.058,2893.544042
20190614,"2,881.97","2,913.00","2,924.32","2,879.66",21.54,2895.988,2882.022,2884.955,-25.695,-35.559,19.728,64.59731341,58.06523636,77.66146751,45.459,43.197,43.197,-0.092,-0.165,-0.308,33.333,40.278,23.97426962,42.9355,2889.250625
20190617,"2,887.62","2,880.42","2,902.48","2,877.39",15.4,2903.086,2880.914,2885.221,-24.014,-33.25,18.472,63.7889349,59.97313588,71.42053295,45.918,37.828,38.624,-0.241,0.109,-0.089,33.333,40.278,0.772708503,40.041,2889.432125
20190618,"2,890.16","2,891.09","2,898.33","2,874.31",14.77,2895.974,2880.922,2886.199,-22.22,-31.044,17.648,64.05452622,61.33359933,69.49638001,46.131,35.414,50.804,-0.371,0.243,-0.011,41.667,40.278,0.169537551,39.033,2889.220167
20190619,"2,917.80","2,944.12","2,953.34","2,916.21",23.08,2897.658,2886.474,2886.7905,-18.357,-28.507,20.3,67.00343685,63.22354517,74.56322021,48.435,27.099,44.97,0.627,1.145,0.976,50,40.278,139.4837524,39.355,2892.421792
20190620,"2,987.12","2,917.33","2,997.39","2,915.09",29.1,2912.934,2899.044,2891.5615,-9.591,-24.723,30.265,76.02382892,67.49030642,93.09087393,53.624,5.862,8.344,2.56,3.259,3.328,58.333,43.056,207.6392759,41.832,2907.167042
20190621,"3,001.98","2,990.37","3,010.35","2,989.25",28.7,2936.936,2916.462,2899.0345,-1.428,-20.064,37.272,82.23062872,72.40374718,101.8843918,54.646,4.5,6.153,2.535,3.357,3.663,66.667,47.222,218.1448648,40.7565,2925.065708
20190624,"3,008.15","3,004.29","3,012.83","2,994.42",21.05,2961.042,2932.064,2906.7925,5.475,-14.956,40.864,87.02756131,77.27835189,106.5259802,55.074,2.948,3.379,2.013,3.135,3.671,75,54.167,165.6373293,40.385,2942.84875
20190625,"2,982.07","3,004.91","3,004.91","2,948.99",24.37,2979.424,2937.699,2911.277,8.741,-10.217,37.917,83.94964767,79.50211715,92.84470871,52.871,22.206,22.206,0.591,1.792,2.66,75,61.111,97.48186059,40.0885,2950.698417
20190626,"2,976.28","2,964.62","2,986.91","2,958.46",17.44,2991.12,2944.389,2914.5955,10.739,-6.026,33.529,80.50440464,79.83621298,81.84078795,52.385,26.386,37.395,-0.088,1.237,2.337,66.667,65.278,75.15375135,39.663,2955.561167
20190627,"2,996.79","2,982.61","3,011.54","2,981.05",19.54,2993.054,2952.994,2918.7,13.817,-2.057,31.749,83.14308466,80.93850354,87.55224689,53.948,11.58,16.411,0.158,1.73,2.829,66.667,68.056,92.13302168,39.21,2960.4125
20190628,"2,978.88","2,992.24","2,992.24","2,961.22",18.14,2988.434,2962.685,2922.3535,14.643,1.283,26.72,80.59235772,80.8231216,80.13082996,52.381,24.509,53.18,-0.395,0.923,2.031,66.667,69.444,53.615616,39.3225,2962.164625
20190701,"3,044.90","3,024.62","3,045.37","3,014.69",25.08,2995.784,2978.413,2929.6635,20.39,5.104,30.571,86.941318,82.8625204,95.0989132,57.167,0.275,0.488,1.57,2.771,4.066,66.667,69.444,124.859162,41.2805,2974.293792
20190702,"3,043.94","3,042.58","3,048.48","3,033.78",21.45,3008.158,2993.791,2937.3565,24.583,9,31.166,90.15969417,85.29491166,99.8892592,57.08,3.404,4.563,1.336,2.272,3.835,66.667,68.056,119.5171676,39.769,2985.011833
20190703,"3,015.26","3,031.83","3,031.83","3,006.32",21.23,3015.954,3003.537,2945.0055,25.301,12.26,26.081,82.30969929,84.29984087,78.32941613,54.493,24.904,36.903,0.197,0.948,2.71,58.333,65.278,75.885591,39.7445,2993.997833
20190704,"3,005.25","3,015.68","3,024.50","2,991.91",19.44,3017.646,3005.35,2952.197,24.776,14.763,20.025,73.72259847,80.7740934,59.6196086,53.609,43.452,49.542,-0.296,0.291,2.225,50,62.5,52.40945314,39.864,2996.096333
20190705,"3,011.06","3,004.74","3,014.85","2,990.92",15.68,3024.082,3006.258,2961.36,24.546,16.72,15.652,69.94445888,77.16421523,55.50494619,54.06,37.612,42.883,-0.182,0.225,2.259,50,59.722,40.37722019,39.0535,2998.184583
20190708,"2,933.36","2,997.81","2,997.81","2,918.72",21.15,3001.774,2998.779,2965.4215,17.888,16.953,1.869,50.3904284,68.23961962,14.69204597,47.593,88.718,88.718,-2.513,-2.216,-0.44,41.667,55.556,-111.4200801,41.832,2989.358292
20190709,"2,928.23","2,928.82","2,937.76","2,912.81",14.51,2978.632,2993.395,2965.547,12.058,15.974,-7.832,37.38222364,57.95382096,-3.760971002,47.204,88.634,88.634,-2.05,-2.186,-0.707,33.333,50,-172.3638005,39.3145,2976.573625
20190710,"2,915.30","2,935.19","2,936.75","2,908.16",13.55,2958.64,2987.297,2965.843,6.322,14.044,-15.444,26.61760557,47.50841583,-15.16401494,46.211,94.912,94.227,-1.778,-2.366,-1.221,25,43.056,-156.4726184,39.652,2961.37325
20190711,"2,917.76","2,928.06","2,945.80","2,907.89",14.37,2941.142,2979.394,2966.194,1.952,11.625,-19.347,20.08520837,38.36734668,-16.47906824,46.434,92.98,91.536,-1.154,-2.108,-1.263,33.333,38.889,-119.9175336,39.9225,2954.758708
20190712,"2,930.55","2,915.34","2,938.53","2,905.81",13.78,2925.04,2974.561,2968.623,-0.474,9.206,-19.359,19.17037769,31.96835702,-6.425580951,47.617,82.659,77.311,-0.3,-1.553,-0.94,41.667,37.5,-99.87089475,39.3255,2951.494083
20190715,"2,942.19","2,921.55","2,955.00","2,886.70",16.76,2926.806,2964.29,2971.3515,-1.44,7.076,-17.034,25.52514718,29.8206204,16.93420072,48.693,65.7,50.059,0.488,-1.01,-0.569,41.667,36.111,-79.30669996,41.486,2950.409958
20190716,"2,937.62","2,938.64","2,944.82","2,931.29",13.18,2928.684,2953.658,2973.7245,-2.546,5.152,-15.396,29.33413295,29.65845792,28.68548302,48.286,64.914,25.447,0.308,-1.05,-0.763,41.667,36.111,-53.95189806,40.9615,2951.976125
20190717,"2,931.69","2,933.02","2,942.07","2,924.46",14.96,2931.962,2945.301,2974.419,-3.856,3.35,-14.413,31.25852068,30.19181217,33.39193769,47.747,67.351,34.129,0.086,-0.935,-0.993,33.333,36.111,-54.62956205,38.683,2950.030375
20190718,"2,901.18","2,921.74","2,921.74","2,901.18",14.99,2928.646,2934.894,2970.122,-7.272,1.226,-16.996,25.18305723,28.52222719,18.5047173,45.046,88.701,78.799,-0.876,-1.57,-2.049,33.333,37.5,-82.78618876,36.0935,2941.976125
20190719,"2,924.20","2,909.68","2,939.60","2,909.68",14.95,2927.376,2926.208,2966.233,-8.03,-0.625,-14.809,35.09031536,30.71158991,43.84776625,47.389,66.25,45.095,-0.127,-0.533,-1.323,41.667,38.889,-52.30994249,36.853,2938.256792
20190722,"2,886.97","2,925.79","2,927.16","2,879.69",18.07,2916.332,2921.569,2960.174,-11.502,-2.801,-17.402,26.61578055,29.34632013,21.1547014,44.208,90.333,90.333,-1.153,-1.469,-2.575,41.667,38.889,-101.6422344,38.306,2928.735375
20190723,"2,899.94","2,886.90","2,901.36","2,883.05",12.93,2908.796,2918.74,2956.0675,-13.056,-4.852,-16.409,26.70680683,28.46648236,23.18745576,45.537,73.111,68.908,-0.469,-0.712,-2.113,41.667,38.889,-113.4199539,36.2635,2923.53
20190724,"2,923.28","2,907.93","2,936.45","2,907.79",15.52,2907.114,2919.538,2953.4175,-12.263,-6.334,-11.858,37.09812439,31.34369637,48.60698044,47.869,42.119,30.122,0.415,0.115,-1.236,50,40.278,-24.22663508,36.6665,2921.983333
20190725,"2,937.36","2,923.19","2,937.36","2,916.15",14.57,2914.35,2921.498,2950.446,-10.379,-7.143,-6.472,50.2576882,37.64836032,75.47634398,49.237,23.423,3.739,0.866,0.571,-0.67,58.333,44.444,47.65244004,35.964,2925.866083
20190726,"2,944.54","2,928.06","2,948.33","2,924.45",13.93,2918.418,2922.897,2948.729,-8.212,-7.357,-1.71,64.99793821,46.76488628,101.4640421,49.936,13.889,5.522,0.862,0.733,-0.338,66.667,50,115.9901677,35.3795,2931.569333
20190729,"2,941.01","2,943.92","2,948.47","2,932.98",12.8,2929.226,2922.779,2943.5345,-6.702,-7.226,1.048,73.04990007,55.52655754,108.0965851,49.586,10.846,10.846,0.644,0.546,-0.4,58.333,52.778,112.511854,32.8295,2932.933
20190730,"2,952.34","2,946.26","2,965.63","2,946.26",14.83,2939.706,2924.251,2938.9545,-4.539,-6.688,4.299,76.87850758,62.64387422,105.3477743,50.743,15.464,16.093,0.657,0.871,0.018,58.333,55.556,162.1586744,33.3255,2936.214042
20190731,"2,932.51","2,944.40","2,944.40","2,926.49",14.11,2941.552,2924.333,2934.817,-4.374,-6.225,3.703,71.73949997,65.67574947,83.86700097,48.701,38.539,57.261,-0.204,0.221,-0.564,50,56.944,43.23394411,32.737,2935.332583
20190801,"2,908.77","2,920.85","2,927.34","2,901.75",14.24,2935.834,2925.092,2929.993,-6.089,-6.198,0.218,59.10552034,63.4856731,50.34521484,46.37,66.162,89.011,-0.93,-0.509,-1.271,50,56.944,-64.9775603,32.6455,2930.234292
20190802,"2,867.84","2,861.33","2,872.47","2,851.44",18.49,2920.494,2919.456,2922.832,-10.628,-7.084,-7.088,44.19102296,57.05412305,18.46482278,42.694,85.638,85.638,-1.937,-1.73,-2.416,50,55.556,-208.4752066,34.3155,2917.1755
20190805,"2,821.50","2,854.58","2,863.69","2,821.50",16.74,2896.592,2912.909,2917.239,-17.76,-9.219,-17.082,29.46068197,47.85630936,-7.330572794,39.037,100,100,-2.841,-3.097,-3.689,50,52.778,-215.2468556,32.0155,2899.73975
20190806,"2,777.56","2,776.99","2,787.42","2,733.92",23.11,2861.636,2900.671,2909.7055,-26.651,-12.706,-27.89,25.91841705,40.54367859,-3.33210604,35.987,81.166,81.166,-3.448,-4.205,-4.867,41.667,50,-252.3449303,35.147,2877.056792
20190807,"2,768.68","2,789.02","2,792.69","2,768.68",15.77,2828.87,2885.211,2902.3745,-34.021,-16.969,-34.104,22.2794482,34.45560179,-2.072858984,35.404,84.998,83.485,-2.722,-4.185,-4.85,41.667,47.222,-165.0452621,34.918,2856.843833
20190808,"2,794.55","2,784.18","2,799.69","2,782.24",14.95,2806.026,2870.93,2896.214,-37.344,-21.044,-32.6,23.575075,30.82875953,9.067705944,38.437,73.834,68.654,-1.013,-2.995,-3.662,41.667,45.833,-111.4491258,34.573,2845.113917
20190809,"2,774.75","2,805.59","2,808.33","2,770.48",14.82,2787.408,2853.951,2888.424,-41.101,-25.055,-32.092,21.59043813,27.74931906,9.272676263,37.048,82.379,70.53,-0.931,-3.267,-4.127,33.333,43.056,-98.03072952,34.8295,2834.253708
20190812,"2,814.99","2,781.98","2,814.99","2,776.62",13.16,2786.106,2841.349,2882.064,-40.366,-28.117,-24.498,27.23253331,27.57705715,26.54348565,41.53,65.012,37.528,0.823,-1.514,-2.577,33.333,40.278,-67.53442375,33.4265,2831.771417
20190813,"2,797.26","2,798.05","2,802.04","2,790.61",13.09,2790.046,2825.841,2875.046,-40.745,-30.643,-20.205,29.07081858,28.07497762,31.06250048,40.214,69.907,21.87,0.333,-1.712,-3.026,25,36.111,-63.4279447,33.969,2826.164417
20190814,"2,808.91","2,824.49","2,829.89","2,807.72",14.4,2798.092,2813.481,2868.907,-39.648,-32.444,-14.409,37.42216727,31.19070751,49.88508681,41.485,61.229,34.275,0.563,-0.919,-2.469,33.333,34.722,-37.81250169,34.72,2826.0305
20190815,"2,815.80","2,762.34","2,815.90","2,756.83",15.28,2802.342,2804.184,2864.638,-37.787,-33.513,-8.55,45.98019392,36.12053631,65.69950913,42.243,40.902,19.286,0.527,-0.276,-2.067,33.333,33.333,-51.87205096,36.148,2824.1495
20190816,"2,823.82","2,817.57","2,840.32","2,811.80",14.86,2812.156,2799.782,2859.619,-35.259,-33.862,-2.794,58.81762301,43.68623188,89.08040528,43.138,30.724,19.763,0.638,0.33,-1.619,41.667,33.333,-10.09567047,35.653,2824.063292
20190819,"2,883.10","2,835.52","2,883.10","2,829.85",21.45,2825.778,2805.942,2859.4255,-28.148,-32.719,9.143,72.54508201,53.30584859,111.0235489,49.208,0,0,2.093,2.514,0.526,50,36.111,65.01499948,36.2435,2834.177208
20190820,"2,880.00","2,879.08","2,892.08","2,875.00",18.97,2842.326,2816.186,2858.4285,-22.502,-30.676,16.347,78.71951863,61.77707193,112.604412,48.923,8.932,8.932,1.594,2.367,0.493,50,38.889,111.7013948,36.182,2842.240042
20190821,"2,880.33","2,875.47","2,885.59","2,872.56",15.9,2856.61,2827.351,2856.281,-17.797,-28.1,20.607,82.91714058,68.82376148,111.1038988,48.956,8.688,8.688,1.112,2.201,0.535,58.333,44.444,119.841615,35.008,2851.099208
20190822,"2,883.44","2,887.66","2,888.50","2,867.55",14.92,2870.138,2836.24,2853.585,-13.659,-25.212,23.106,86.48203703,74.70985333,110.0264044,49.276,6.388,6.388,0.781,1.992,0.703,66.667,50,113.7493465,34.995,2855.764792
20190823,"2,897.43","2,885.15","2,902.46","2,878.74",15.92,2884.86,2848.508,2851.2295,-9.145,-21.998,25.706,89.83670513,79.75213727,110.0058409,50.729,3.454,5.548,0.791,2.099,1.177,75,56.944,115.3771904,34.987,2862.711958
20190826,"2,863.57","2,851.02","2,870.49","2,849.24",16.99,2880.954,2853.366,2847.3575,-8.206,-19.24,22.068,84.32291592,81.27573015,90.41728746,47.307,26.705,53.56,-0.616,0.702,0.047,66.667,61.111,50.38509479,36.622,2863.441458
20190827,"2,902.19","2,879.52","2,919.64","2,879.41",20.81,2885.392,2863.859,2844.85,-4.296,-16.251,23.911,85.97593899,82.84246643,92.24288412,51.223,10.718,24.787,0.614,1.68,1.428,75,65.278,101.0305272,38.1945,2867.8275
20190828,"2,893.76","2,901.63","2,905.44","2,887.01",18.31,2888.078,2872.344,2842.9125,-1.856,-13.372,23.033,82.65112056,82.77868447,82.39599272,50.37,15.896,36.761,0.242,1.152,1.197,66.667,68.056,81.33234519,37.8235,2869.251667
20190829,"2,890.92","2,896.00","2,898.60","2,878.59",17.86,2889.574,2879.856,2842.02,-0.15,-10.728,21.156,77.77216553,81.10984483,71.09680694,50.077,26.632,40.795,0.082,0.778,1.177,66.667,69.444,64.23286995,37.286,2873.700208
20190830,"2,886.24","2,907.38","2,914.58","2,874.10",19.4,2887.336,2886.098,2842.94,0.816,-8.419,18.469,69.36704975,77.1955798,53.70998965,49.581,37.198,47.443,-0.096,0.389,1.094,58.333,68.056,63.35314656,36.4435,2874.32875
20190902,"2,924.11","2,886.94","2,928.48","2,883.68",20.28,2899.444,2890.199,2848.0705,4.584,-5.818,20.804,77.73973601,77.3769652,78.46527762,53.473,5.515,5.515,1.059,1.388,2.462,58.333,65.278,102.6907786,36.3665,2881.508667
20190903,"2,930.15","2,925.94","2,930.15","2,915.20",18.9,2905.036,2895.214,2855.7,7.965,-3.062,22.054,85.15982401,79.97125147,95.53696908,54.063,0,0,0.881,1.286,2.678,58.333,63.889,132.1787282,32.735,2891.674583
20190904,"2,957.41","2,927.75","2,957.41","2,925.88",22.55,2917.766,2902.922,2865.1365,12.699,0.09,25.216,90.10654934,83.34968409,103.6202798,56.652,0,0,1.498,2.01,3.559,58.333,61.111,191.168643,33.111,2903.8135
20190905,"2,985.86","2,972.66","3,015.84","2,972.66",30.54,2936.754,2913.164,2874.702,18.532,3.779,29.506,87.40596687,84.70177835,92.81434389,59.158,17.995,21.151,1.937,2.679,4.376,66.667,61.111,245.8547377,34.482,2917.393625
20190906,"2,999.60","2,996.62","2,999.94","2,981.60",21.68,2959.426,2923.381,2885.9445,23.987,7.82,32.333,87.78477844,85.72944505,91.89544522,60.315,9.748,11.458,1.777,2.8,4.585,66.667,61.111,178.3722379,33.5065,2933.004875
20190909,"3,024.74","3,023.78","3,026.24","3,005.69",24.34,2979.552,2939.498,2896.432,29.993,12.255,35.476,91.52787429,87.66225479,99.25911328,62.35,0.986,1.052,1.832,3.245,5.084,66.667,62.5,166.9725213,32.8265,2949.952167
20190910,"3,021.20","3,027.41","3,027.41","3,005.38",24,2997.762,2951.399,2907.629,34.074,16.619,34.911,93.00171073,89.44207344,100.1209853,61.884,4.051,5.534,1.162,2.763,4.579,58.333,62.5,128.6248483,32.709,2962.320375
20190911,"3,008.81","3,029.93","3,030.56","3,004.22",22.98,3008.042,2962.904,2917.624,35.895,20.474,30.842,90.70070161,89.86161616,92.3788725,60.238,13.901,20.778,0.307,1.922,3.829,58.333,62.5,101.0135002,32.3945,2971.889958
20190912,"3,031.24","3,016.63","3,033.47","3,005.19",19.7,3017.118,2976.936,2928.396,38.702,24.12,29.165,93.30421743,91.00914992,97.89435246,62.14,1.399,3.667,0.642,2.309,4.219,58.333,62.5,94.68620936,30.855,2980.889417
20190916,"3,030.75","3,041.92","3,042.93","3,020.05",22.19,3023.348,2991.387,2938.7425,40.421,27.38,26.082,92.35756514,91.45862166,94.1554521,62.072,7.648,19.86,0.376,1.9,3.881,58.333,61.111,89.96376663,30.573,2988.99625
20190917,"2,978.12","3,023.71","3,023.71","2,970.57",22.33,3014.024,2996.788,2943.4935,37.109,29.326,15.566,76.44854335,86.45526222,56.43510562,55.32,50.74,89.566,-1.25,-0.114,1.814,58.333,59.722,31.91073203,30.618,2988.548167
20190918,"2,985.66","2,984.08","2,996.40","2,982.40",16.8,3006.916,3002.339,2948.7765,34.692,30.399,8.587,57.91704991,76.94252479,19.86610016,56.035,48.928,79.146,-0.785,-0.139,1.815,66.667,59.722,21.76880321,30.678,2986.5135
20190919,"2,999.28","2,992.92","2,999.28","2,975.40",16.27,3005.01,3006.526,2954.724,33.49,31.017,4.946,51.83690558,68.57398505,18.36274663,57.322,60.323,60.323,-0.212,0.107,2.014,66.667,61.111,18.90457394,31.2205,2986.030583
20190920,"3,006.45","3,004.81","3,011.34","2,996.19",18.21,3000.052,3008.585,2960.8745,32.739,31.362,2.754,51.08640582,62.74479197,27.76963351,57.998,50.415,50.415,0.04,0.134,1.994,66.667,62.5,38.76499459,30.9305,2991.420292
20190923,"2,977.08","2,998.40","2,998.40","2,960.83",16.81,2989.318,3006.333,2964.857,29.434,30.976,-3.084,40.65524903,55.38161099,11.2025251,54.322,80.207,80.207,-0.639,-0.898,0.863,58.333,62.5,-48.80628687,32.0255,2989.854042
20190924,"2,985.34","2,979.48","3,002.90","2,973.76",16.39,2990.762,3002.393,2970.9455,27.168,30.214,-6.092,37.05477828,49.27266675,12.61900133,55.156,70.146,61.021,-0.111,-0.622,0.993,58.333,62.5,-43.59141797,31.073,2988.311583
20190925,"2,955.43","2,977.67","2,977.67","2,955.43",16.85,2984.716,2995.816,2973.6075,22.697,28.711,-12.027,24.70318552,41.08283968,-8.056122792,51.597,100,100,-0.986,-1.497,-0.125,50,61.111,-152.2998699,29.765,2982.859792
20190926,"2,929.09","2,964.48","2,970.04","2,928.26",18.89,2970.678,2987.844,2975.374,16.835,26.336,-19.002,16.7100624,32.95858058,-15.78697396,48.708,99.276,99.001,-1.558,-2.115,-1.078,41.667,56.944,-187.2891946,30.9325,2974.952458
20190927,"2,932.17","2,929.49","2,939.08","2,920.93",13.29,2955.822,2977.937,2977.4365,12.296,23.528,-22.464,14.78536819,26.90084312,-9.445581671,49.056,90.787,87.568,-1.083,-1.768,-1.023,50,54.167,-176.8494902,30.8395,2966.386208
20190930,"2,905.19","2,927.92","2,936.48","2,905.19",11.66,2941.444,2965.381,2978.384,6.447,20.112,-27.33,9.856912126,21.21953279,-12.8683292,46.191,100,100,-1.432,-2.39,-1.991,50,51.389,-167.7984491,30.38,2956.0585
20191008,"2,913.57","2,905.76","2,933.02","2,905.76",12.55,2927.09,2958.926,2977.857,2.459,16.581,-28.244,9.202771061,17.21394555,-6.819577909,47.191,92.106,91.424,-0.791,-1.785,-1.724,50,50,-128.6481045,29.5315,2949.535708
20191009,"2,924.86","2,902.08","2,924.86","2,891.54",13.04,2920.976,2952.846,2977.5925,0.208,13.306,-26.197,15.40618794,16.61135968,12.99584447,48.535,72.187,61.314,-0.063,-1.11,-1.386,58.333,50,-110.7792281,30.45,2944.134375
20191010,"2,947.71","2,923.71","2,949.24","2,918.23",13.42,2924.7,2947.689,2977.1075,0.264,10.698,-20.867,27.08413008,20.10228315,41.04782396,51.16,53.114,28.446,0.762,-0.252,-0.695,66.667,52.778,-52.62374762,30.424,2946.60125
20191011,"2,973.66","2,954.82","2,980.79","2,943.01",16.12,2932.998,2944.41,2976.4975,2.376,9.034,-13.316,42.63702542,27.6138639,72.68334845,53.943,26.257,7.989,1.391,0.66,0.057,66.667,56.944,15.83971901,29.3915,2953.063333
20191014,"3,007.88","2,993.96","3,026.38","2,989.81",20.86,2953.536,2947.49,2976.9115,6.733,8.573,-3.682,57.18469548,37.47080776,96.61247091,57.293,13.72,13.72,2.119,1.794,1.089,66.667,59.722,109.0518043,31.1105,2963.418917
20191015,"2,991.05","3,005.66","3,005.66","2,986.30",15.54,2969.032,2948.061,2975.227,8.727,8.604,0.246,62.72265568,45.8880904,96.39178624,55.231,26.201,26.201,1.056,1.268,0.438,58.333,61.111,75.72837024,30.8575,2969.866125
20191016,"2,978.71","2,992.61","3,010.42","2,975.92",14.99,2979.802,2950.389,2973.1025,9.205,8.724,0.962,63.36410013,51.71342698,86.66544643,53.752,35.353,35.353,0.271,0.846,-0.006,58.333,62.5,63.06904698,31.481,2972.503958
20191017,"2,977.33","2,979.99","2,986.72","2,969.57",12.25,2985.726,2955.213,2971.5285,9.365,8.853,1.026,63.4505847,55.62581289,79.10012833,53.584,36.376,45.354,-0.069,0.822,-0.041,50,61.111,46.18248482,31.0215,2971.584
20191018,"2,938.14","2,982.34","2,987.20","2,933.24",15,2978.622,2955.81,2966.8735,6.258,8.334,-4.152,53.82021577,55.02394718,51.41275294,49.054,65.441,94.739,-1.332,-0.456,-1.271,50,58.333,-9.966010084,32.3055,2965.252125
20191021,"2,939.62","2,933.90","2,940.32","2,917.69",13.25,2964.97,2959.253,2962.317,3.87,7.441,-7.142,47.76583553,52.60457663,38.08835333,49.223,64.343,79.823,-1.094,-0.436,-1.104,58.333,56.944,-52.96381608,32.293,2959.656542
20191022,"2,954.38","2,945.60","2,954.64","2,934.39",11.75,2957.636,2963.334,2961.13,3.132,6.579,-6.894,43.09607547,49.43507624,30.41807392,50.919,53.397,60.434,-0.298,0.001,-0.514,58.333,55.556,-10.74497483,30.2965,2955.680833
20191023,"2,941.62","2,952.97","2,957.30","2,934.63",12.38,2950.218,2965.01,2958.928,1.501,5.563,-8.126,36.06963193,44.97992814,18.24903952,49.43,77.983,74.194,-0.452,-0.533,-0.85,58.333,55.556,-19.94229916,30.516,2954.119708
20191024,"2,940.92","2,944.01","2,953.04","2,927.06",12.65,2942.936,2964.331,2956.01,0.149,4.481,-8.662,31.17065842,40.37683823,12.75829879,49.347,78.627,66.58,-0.263,-0.633,-0.748,50,54.167,-33.68592616,30.621,2952.49375
20191025,"2,954.93","2,940.47","2,958.24","2,920.52",13.69,2946.294,2962.458,2953.434,0.207,3.626,-6.838,34.16697333,38.30688326,25.88715346,51.056,65.737,46.425,0.339,-0.244,-0.169,50,54.167,-29.62490772,31.7495,2951.588708
20191028,"2,980.05","2,958.69","2,980.13","2,956.96",17.37,2954.38,2959.675,2953.5825,2.253,3.351,-2.196,45.19431638,40.6026943,54.37756053,53.961,32.751,0.128,0.953,0.512,0.677,50,54.167,41.32270669,30.7285,2957.248333
20191029,"2,954.18","2,979.04","2,979.04","2,954.18",16.61,2954.34,2955.988,2952.0245,1.767,3.034,-2.535,47.6282255,42.94453803,56.99560042,50.725,60.649,43.533,-0.006,-0.306,-0.153,41.667,51.389,1.059621303,30.565,2958.164667
20191030,"2,939.32","2,949.46","2,953.30","2,934.83",15.88,2953.88,2952.049,2951.219,0.181,2.464,-4.566,42.12475859,42.67127822,41.03171933,48.965,68.882,68.462,-0.424,-0.615,-0.571,33.333,47.222,-70.56695523,30.037,2954.606625
20191031,"2,929.06","2,944.84","2,946.75","2,923.52",16.16,2951.508,2947.222,2951.2175,-1.883,1.594,-6.954,34.15299943,39.83185195,22.79529437,47.771,83.643,85.674,-0.701,-0.789,-0.81,33.333,43.056,-88.30867682,29.1095,2948.542292
20191101,"2,958.20","2,924.34","2,959.83","2,917.15",15.99,2952.162,2949.228,2952.519,-1.153,1.045,-4.396,44.4951403,41.3862814,50.71285809,51.292,34.821,34.821,0.189,0.256,0.204,41.667,41.667,-42.01229471,30.336,2949.495375
20191104,"2,975.49","2,964.58","2,983.06","2,964.58",16.72,2951.25,2952.815,2956.034,0.811,0.998,-0.375,59.16830726,47.31362335,82.87767506,53.243,11.485,11.485,0.658,0.847,0.803,50,41.667,90.14994401,30.0145,2954.206625
20191105,"2,991.56","2,977.70","3,008.31","2,968.03",17.99,2958.726,2956.533,2959.9335,3.622,1.523,4.198,66.65410918,53.76045196,92.44142362,54.992,18.374,18.374,1.136,1.239,1.296,58.333,43.056,155.5978499,30.637,2961.982333
20191106,"2,978.60","2,992.04","2,995.56","2,969.72",16.53,2966.582,2960.231,2962.6205,4.749,2.168,5.163,66.90572322,58.14220905,84.43275156,53.314,32.591,32.591,0.559,0.69,0.787,50,44.444,116.518304,30.263,2966.183667
20191107,"2,978.71","2,978.15","2,988.95","2,969.12",13.7,2976.512,2964.01,2964.1705,5.587,2.852,5.471,67.11368823,61.13270211,79.07566047,53.326,32.47,32.47,0.34,0.625,0.725,50,47.222,87.33890658,29.704,2968.987625
20191108,"2,964.18","2,993.98","2,998.76","2,962.84",14.97,2977.708,2964.935,2963.6965,5.021,3.286,3.471,61.93932879,61.40157767,63.01483104,51.412,48.409,48.409,-0.345,0.07,0.15,50,50,62.61046331,29.611,2968.520792
20191111,"2,909.97","2,949.96","2,949.96","2,906.77",15.79,2964.604,2957.927,2958.801,0.196,2.668,-4.944,42.343375,55.04884345,16.9324381,45.107,96.849,96.849,-1.903,-1.674,-1.677,50,51.389,-126.1112314,29.8455,2958.923375
20191112,"2,914.82","2,913.00","2,918.30","2,891.51",12.97,2949.256,2953.991,2954.9895,-3.2,1.494,-9.388,34.88131392,48.32633361,7.991274562,45.728,80.043,80.043,-1.403,-1.399,-1.499,50,51.389,-146.5449678,30.106,2949.282792
20191113,"2,905.24","2,913.02","2,913.86","2,893.97",12.98,2934.584,2950.583,2951.316,-6.588,-0.122,-12.932,27.17258828,41.27508516,-1.032405491,44.686,88.245,87.198,-1.247,-1.515,-1.764,41.667,48.611,-134.342023,29.4235,2938.297542
20191114,"2,909.87","2,907.74","2,917.37","2,899.62",12.91,2920.816,2948.664,2947.943,-8.798,-1.857,-13.882,23.35478488,35.30165174,-0.538948832,45.315,84.281,82.881,-0.703,-1.235,-1.519,50,48.611,-103.3673344,29.4535,2933.659083
20191115,"2,891.34","2,911.35","2,917.83","2,891.20",13.55,2906.248,2941.978,2945.603,-11.908,-3.868,-16.081,15.60970516,28.73766954,-10.6462236,43.261,99.88,99.87,-0.842,-1.73,-1.985,50,48.611,-107.5077764,28.087,2926.477417
20191118,"2,909.20","2,889.55","2,911.38","2,884.09",12.44,2906.094,2935.349,2944.082,-12.784,-5.651,-14.266,17.70567653,25.06033854,2.996352503,45.734,79.786,61.879,0.085,-1.068,-1.265,58.333,50,-88.76493503,28.32,2923.722583
20191119,"2,933.99","2,904.28","2,933.99","2,902.86",13.54,2909.928,2929.592,2943.0625,-11.347,-6.79,-9.114,26.30917664,25.4766179,27.9742941,48.957,56.484,0,0.799,-0.156,-0.361,58.333,51.389,-34.24261178,28.864,2925.974167
20191120,"2,911.05","2,928.11","2,930.49","2,907.42",13.74,2911.09,2922.837,2941.534,-11.922,-7.816,-8.21,25.37643257,25.44322279,25.24285213,46.302,76.489,45.972,0.032,-0.756,-1.047,50,51.389,-46.19870095,29.059,2925.734958
20191121,"2,903.64","2,902.55","2,910.36","2,891.53",12.35,2909.844,2915.33,2939.67,-12.827,-8.818,-8.017,26.81084574,25.89909711,28.63434301,45.471,82.951,60.822,-0.213,-0.76,-1.251,41.667,51.389,-68.09362684,28.736,2922.907292
20191122,"2,885.29","2,906.24","2,925.02","2,873.99",15.86,2908.634,2907.441,2936.188,-14.854,-10.026,-9.657,24.15167494,25.31662305,21.82177871,43.455,85.126,81.167,-0.704,-1.125,-1.799,41.667,50,-76.71886035,29.4015,2915.010333
20191125,"2,906.17","2,885.61","2,906.61","2,880.65",17.86,2908.028,2907.061,2932.494,-14.608,-10.942,-7.331,33.9788944,28.20404684,45.52858954,46.282,46.367,46.367,-0.071,-0.202,-1.021,41.667,48.611,-68.22319141,29.4395,2912.786833
20191126,"2,907.06","2,912.52","2,915.04","2,897.93",17,2902.642,2906.285,2930.138,-14.177,-11.589,-5.176,41.02481849,32.47763739,58.1191807,46.402,44.883,44.883,-0.028,-0.008,-0.942,50,47.222,-37.37074386,29.0015,2911.203667
20191127,"2,903.19","2,905.40","2,914.49","2,893.42",13.39,2901.07,2906.08,2928.3315,-13.986,-12.068,-3.836,43.57210122,36.175792,58.36471965,45.939,51.333,48.319,0.016,-0.122,-1.021,50,45.833,-42.00670392,29.0875,2910.819125
20191128,"2,889.69","2,902.36","2,909.84","2,883.43",11.95,2898.28,2904.062,2926.363,-14.755,-12.606,-4.298,37.7702897,36.70729123,39.89628664,44.33,73.833,69.234,-0.327,-0.515,-1.39,41.667,44.444,-109.7757039,29.2465,2907.540125
20191129,"2,871.98","2,885.97","2,892.39","2,858.58",12.26,2895.618,2902.126,2922.052,-16.602,-13.405,-6.393,31.10336866,34.83931704,23.6314719,42.303,82.23,79.831,-0.757,-1.03,-1.843,41.667,44.444,-246.5969456,28.803,2901.526958
20191202,"2,875.81","2,874.45","2,888.89","2,870.24",12.88,2889.546,2898.787,2917.068,-17.554,-14.235,-6.638,28.7224145,32.80034953,20.56654445,42.892,77.152,69.483,-0.571,-0.801,-1.602,41.667,44.444,-163.6293551,28.4925,2896.894708
20191203,"2,884.70","2,869.88","2,884.86","2,857.32",12.38,2885.074,2893.858,2911.725,-17.39,-14.866,-5.049,32.62932016,32.74333974,32.40128099,44.271,62.58,52.564,-0.14,-0.475,-1.221,50,45.833,-141.1135814,27.8555,2894.110208
20191204,"2,878.12","2,876.91","2,882.50","2,869.42",12.55,2880.06,2890.565,2906.701,-17.589,-15.41,-4.357,31.99414057,32.49360668,30.99520834,43.461,69.276,63.617,-0.201,-0.614,-1.375,41.667,44.444,-109.7043303,27.3275,2891.512542
20191205,"2,899.47","2,886.52","2,902.00","2,885.08",14.32,2882.016,2890.148,2902.739,-15.841,-15.497,-0.689,45.67107639,36.88609658,63.24103599,46.761,37.74,19.745,0.561,0.223,-0.56,41.667,43.056,-1.574954384,27.53,2891.619542
20191206,"2,912.01","2,902.28","2,912.01","2,894.75",13.41,2890.022,2892.82,2900.1305,-13.291,-15.056,3.529,62.03089084,45.26769467,95.55728319,48.6,5.249,0,0.866,0.654,-0.039,50,44.444,56.72879503,26.597,2894.19325
20191209,"2,914.48","2,914.46","2,919.59","2,905.25",16.08,2897.756,2893.651,2900.356,-10.945,-14.233,6.578,71.95186096,54.16241677,107.5307493,48.962,8.206,8.206,0.704,0.708,0.156,58.333,47.222,105.7761491,24.4435,2899.276292
20191210,"2,917.32","2,908.94","2,919.20","2,902.79",17.01,2904.28,2894.677,2900.481,-8.755,-13.138,8.766,80.08610226,62.80364526,114.6510163,49.39,3.645,3.645,0.562,0.713,0.342,66.667,51.389,109.0486046,23.9245,2903.191917
20191211,"2,924.42","2,922.60","2,928.26","2,915.00",16.55,2913.54,2896.8,2901.44,-6.373,-11.785,10.823,84.91972648,70.17567234,114.4078348,50.474,5.413,6.526,0.577,0.905,0.664,66.667,54.167,139.3753279,23.545,2906.501042
20191212,"2,915.70","2,926.34","2,926.34","2,913.48",15.18,2916.786,2899.401,2901.7315,-5.13,-10.454,10.648,84.04478335,74.79870934,102.5369314,49.126,17.705,29.088,0.062,0.579,0.434,58.333,56.944,98.47032998,23.3005,2908.421417
20191213,"2,967.68","2,937.78","2,969.98","2,935.85",21.2,2927.92,2908.971,2905.5485,0.049,-8.353,16.804,88.68267526,79.42669798,107.1946298,56.373,2.042,3.057,1.45,2.183,2.14,66.667,61.111,213.2157283,24.683,2917.757958
20191216,"2,984.39","2,970.97","2,984.64","2,958.71",21.19,2941.902,2919.829,2909.308,5.439,-5.595,22.068,92.38279143,83.7453958,109.6575827,58.362,0.196,0.305,1.602,2.48,2.612,75,65.278,204.8844713,24.615,2928.684083
20191217,"3,022.42","2,985.26","3,039.38","2,982.50",29.3,2962.922,2933.601,2913.7295,12.634,-1.949,29.166,91.25800267,86.24959809,101.2748118,62.431,9.979,12.417,2.27,3.341,3.746,83.333,69.444,218.3884671,25.9025,2946.314458
20191218,"3,017.04","3,021.47","3,033.23","3,011.72",24.41,2981.446,2947.493,2919.029,17.697,1.98,31.434,89.02323136,87.17414251,92.72140904,61.543,14.478,17.744,1.517,2.743,3.403,75,70.833,165.4935737,25.6495,2958.849958
20191219,"3,017.07","3,017.15","3,021.42","3,007.99",20.86,3001.72,2959.253,2924.7005,21.465,5.877,31.176,87.23763658,87.1953072,87.32229534,61.547,15.426,17.72,0.994,2.36,3.218,75,72.222,121.1193126,25.345,2969.609292
20191220,"3,004.94","3,019.64","3,027.48","3,002.26",21.51,3009.172,2968.546,2930.683,23.205,9.343,27.725,83.08704288,85.82588576,77.60935712,59.471,25.214,33.266,0.089,1.584,2.663,75,75,94.93234558,24.0545,2976.008667
20191223,"2,962.75","2,999.04","3,009.34","2,960.43",20.57,3004.844,2973.373,2933.512,20.938,11.662,18.553,68.43610643,80.02929265,45.24973398,52.984,56.102,94.992,-1.289,-0.02,1.18,66.667,75,38.8128993,25.202,2973.304667
20191224,"2,982.68","2,965.83","2,983.82","2,960.68",16.3,2996.896,2979.909,2937.293,20.514,13.432,14.163,63.94549007,74.66802512,42.50041996,55.383,45.036,71.818,-0.615,0.453,1.757,66.667,73.611,28.52702014,25.5035,2972.785125
20191225,"2,981.88","2,980.43","2,988.29","2,970.66",17.57,2989.864,2985.655,2941.2275,19.883,14.722,10.321,57.45050766,68.92885263,34.4938177,55.265,45.671,70.536,-0.418,0.236,1.617,58.333,69.444,28.75176264,25.3315,2971.562083
20191226,"3,007.35","2,981.25","3,007.35","2,980.40",18.24,2987.92,2994.82,2947.1105,21.195,16.017,10.355,58.39868148,65.41879558,44.35845328,58.224,30.938,30.022,0.487,0.838,2.308,58.333,66.667,55.23389045,25.3585,2978.221375
20191227,"3,005.04","3,006.85","3,036.11","3,003.63",24.71,2987.94,2998.556,2953.7635,21.796,17.173,9.247,57.76715983,62.86825033,47.56497883,57.862,42.568,41.054,0.477,0.534,2.086,50,62.5,82.2313275,25.292,2982.926292
20191230,"3,040.02","2,998.17","3,041.40","2,983.34",24.81,3003.394,3004.119,2961.974,24.809,18.7,12.219,71.27666157,65.67105408,82.48787656,61.634,1.704,1.704,1.448,1.353,3.08,58.333,59.722,85.08595305,27.2625,2993.875583
20191231,"3,050.12","3,036.39","3,051.68","3,030.51",21.74,3016.882,3006.889,2970.245,27.693,20.499,14.389,80.2812447,70.54111762,99.76149887,62.642,1.71,1.714,1.293,1.457,3.209,58.333,58.333,125.6892126,26.944,3004.865417
20200102,"3,085.20","3,066.34","3,098.10","3,066.34",29.25,3037.546,3013.705,2980.599,32.436,22.886,19.099,83.73075208,74.93766244,101.3169314,65.888,9.37,10.122,1.88,2.338,4.109,58.333,56.944,205.8292458,28.579,3020.505792
20200103,"3,083.79","3,089.02","3,093.82","3,074.52",26.15,3052.834,3020.377,2989.815,35.669,25.443,20.452,85.68902757,78.52145082,100.0241811,65.649,10.394,12.158,1.265,2.118,3.752,50,55.556,181.8359708,28.35,3031.982083
20200106,"3,083.41","3,070.91","3,107.20","3,065.31",31.26,3068.508,3028.224,2998.385,37.765,27.907,19.716,85.0471213,80.69667431,93.74801528,65.582,16.209,19.207,0.833,1.919,3.438,50,54.167,142.2652936,29.5815,3041.450625
20200107,"3,104.80","3,085.49","3,105.45","3,084.33",27.66,3081.464,3042.429,3007.901,40.684,30.462,20.443,89.44550531,83.61295131,101.1106133,67.528,1.638,1.938,0.984,2.379,3.836,50,54.167,129.489943,29.9665,3051.447333
20200108,"3,066.89","3,094.24","3,094.24","3,059.13",29.79,3084.818,3050.85,3015.3795,39.482,32.266,14.432,82.36692993,83.19761085,80.7055681,61.135,29.522,52.562,-0.394,0.957,2.299,50,52.778,69.76746514,31.4295,3054.318833
20200109,"3,094.88","3,082.64","3,097.33","3,080.13",24.34,3086.754,3062.15,3023.9025,40.324,33.878,12.892,84.92904861,83.77475677,87.23763229,63.777,9.716,25.629,0.272,1.51,2.953,58.333,52.778,84.25687693,32.2885,3062.023125
20200110,"3,092.29","3,102.29","3,105.22","3,081.40",21.04,3088.454,3070.644,3032.732,40.318,35.166,10.303,85.94010421,84.49653925,88.82723413,63.361,12.038,31.017,0.149,1.122,2.611,50,51.389,76.26490511,32.8365,3065.766958
20200113,"3,115.57","3,091.49","3,115.57","3,075.38",21.06,3094.886,3081.697,3040.1265,41.71,36.475,10.47,90.62673614,86.53993821,98.80033199,65.473,0,0,0.731,1.514,3.097,58.333,52.778,80.34385854,32.132,3075.781625
20200114,"3,106.82","3,120.67","3,127.17","3,105.60",23,3095.29,3088.377,3046.248,41.628,37.505,8.244,83.78153172,85.62046938,80.10365639,64.026,21.053,29.909,0.321,0.956,2.539,50,52.778,91.45371739,31.914,3081.354708
20200115,"3,090.04","3,103.17","3,107.94","3,082.04",20.23,3099.92,3092.369,3049.629,39.75,37.954,3.592,70.99740758,80.74611545,51.49999185,61.314,54.571,54.571,-0.141,0.18,1.754,50,52.778,50.4738046,30.365,3083.168292
20200116,"3,074.08","3,095.73","3,096.37","3,070.88",20.34,3095.76,3091.257,3052.481,36.553,37.674,-2.242,54.65572812,72.04931967,19.86854502,58.84,78.028,94.315,-0.696,-0.429,1.009,41.667,51.389,10.50841583,30.564,3081.432958
20200117,"3,075.50","3,081.46","3,091.95","3,067.25",19.03,3092.402,3090.428,3055.4025,33.745,36.888,-6.287,44.45694436,62.85186123,7.667110608,58.994,75.941,86.232,-0.546,-0.451,0.906,41.667,48.611,-13.8956585,31.1275,3079.274583
20200120,"3,095.79","3,082.11","3,096.31","3,070.48",21.05,3088.446,3091.666,3059.945,32.779,36.066,-6.575,47.59798642,57.7672363,27.25948667,61.155,46.12,52.37,0.091,0.177,1.418,41.667,47.222,8.223089794,31.158,3081.255833
20200121,"3,052.14","3,085.79","3,085.79","3,051.23",23.48,3077.51,3086.4,3064.4145,28.166,34.486,-12.64,32.1314291,49.22196723,-2.049647161,54.685,98.802,98.802,-0.982,-1.151,-0.053,41.667,44.444,-175.2434315,30.9405,3077.242583
20200122,"3,060.75","3,038.49","3,069.25","3,006.27",22.39,3071.652,3085.786,3068.318,24.918,32.573,-15.309,36.44163098,44.96185515,19.40118265,55.651,54.938,46.415,-0.454,-0.812,0.169,50,44.444,-217.6396506,32.9325,3074.597625
20200123,"2,976.53","3,037.95","3,045.04","2,955.35",27.28,3052.142,3073.951,3068.0505,15.371,29.132,-27.522,28.40337188,39.44236073,6.325394193,45.708,87.673,84.981,-2.594,-3.206,-2.533,41.667,43.056,-288.4916153,37.321,3057.190542
20200203,"2,746.61","2,716.70","2,766.58","2,716.70",21.59,2986.364,3039.383,3055.0135,-10.625,21.181,-63.612,21.3645042,33.41640855,-2.73930451,30.291,92.713,92.121,-8.484,-9.9,-9.744,41.667,43.056,-380.7988487,48.965,3008.153375
20200204,"2,783.29","2,685.27","2,786.16","2,685.27",36.4,2923.864,3006.155,3043.926,-27.946,11.355,-78.602,21.97322575,29.60201428,6.715648673,33.997,77.819,76.153,-5.732,-7.913,-8.313,41.667,43.056,-215.8024707,52.3855,2963.592958
20200205,"2,818.09","2,792.37","2,842.74","2,778.86",30.98,2877.054,2977.282,3032.8295,-38.421,1.4,-79.642,25.41829742,28.20744199,19.84000827,37.297,68.576,66.838,-3.033,-6.051,-6.956,50,44.444,-124.135645,52.6765,2930.332167
20200206,"2,866.51","2,826.89","2,876.59","2,807.61",31.64,2838.206,2954.929,3023.649,-42.328,-7.345,-69.965,31.64320905,29.35269768,36.22423179,41.541,55.913,52.8,-0.306,-3.771,-5.207,50,45.833,-81.83568309,55.067,2925.105375
20200207,"2,875.96","2,858.93","2,875.96","2,838.77",30.95,2818.092,2935.117,3013.187,-44.153,-14.707,-58.892,36.55949891,31.75496476,46.16856722,42.336,53.608,46.997,1.106,-2.826,-4.722,58.333,47.222,-61.3283523,54.5275,2917.703208
20200210,"2,890.49","2,860.50","2,891.85","2,851.05",29.49,2846.868,2916.616,3003.522,-43.92,-20.55,-46.741,41.45246264,34.98746405,54.38245981,43.567,50.073,0.658,2.132,-1.784,-4.089,66.667,51.389,-44.80786274,55.6025,2913.578
20200211,"2,901.67","2,894.54","2,913.82","2,882.24",26.92,2870.544,2897.204,2994.435,-42.345,-24.909,-34.873,46.42067574,38.79853461,61.66495798,44.518,45.97,5.316,1.599,-0.92,-3.534,75,56.944,-26.39475565,55.087,2917.105208
20200212,"2,926.90","2,895.56","2,926.90","2,892.42",24.87,2892.306,2884.68,2985.54,-38.617,-27.65,-21.933,53.3345684,43.64387921,72.71594678,46.635,37.072,0,1.631,0.366,-2.529,75,62.5,-10.92793517,55.709,2922.014375
20200213,"2,906.07","2,927.14","2,935.41","2,901.24",27.48,2900.218,2869.212,2977.499,-36.917,-29.504,-14.826,64.97990176,50.75588672,93.42793183,45.151,38.627,22.958,0.396,0.195,-2.981,66.667,65.278,-4.82853024,55.134,2921.015792
20200214,"2,917.01","2,899.87","2,926.94","2,899.57",25.07,2908.428,2863.26,2968.6055,-34.291,-30.461,-7.661,74.2013076,58.57102702,105.4618688,46.091,7.356,19.04,0.482,0.964,-2.39,75,69.444,4.216351965,54.9805,2919.359708
20200217,"2,983.62","2,924.99","2,983.64","2,924.99",31.32,2927.054,2886.961,2963.172,-26.53,-29.675,6.29,82.79761621,66.64655675,115.0997351,51.387,0.007,0.015,2.145,3.5,-0.022,75,72.222,58.68886073,57.121,2925.606958
20200218,"2,984.97","2,981.41","2,990.60","2,960.78",31.17,2943.714,2907.129,2956.642,-20.039,-27.748,15.417,87.50618719,73.5997669,115.3190278,51.488,2.659,5.196,1.643,3.521,0.191,83.333,75,84.06608701,56.6025,2934.661958
20200219,"2,975.40","2,979.52","2,998.27","2,971.82",31.51,2953.414,2922.86,2950.071,-15.489,-25.296,19.614,86.89127213,78.03026864,104.6132791,50.71,11.995,21.606,0.895,2.512,-0.002,83.333,76.389,97.31188261,56.8465,2945.723583
20200220,"3,030.15","2,981.88","3,031.37","2,968.45",34.57,2978.23,2939.224,2947.0765,-7.38,-21.713,28.666,91.03532309,82.36528679,108.3753957,54.787,0.633,0.926,2.156,3.663,1.931,83.333,77.778,123.6878335,58.6975,2958.297458
20200221,"3,039.67","3,022.25","3,058.90","3,020.14",36.46,3002.762,2955.595,2945.356,-0.183,-17.407,34.447,90.39510992,85.0418945,101.1015408,55.456,9.252,12.069,1.713,3.336,2.326,83.333,80.556,141.6177444,59.361,2972.608583
20200224,"3,031.23","3,027.89","3,042.18","3,007.36",37.04,3012.284,2969.669,2943.1425,4.784,-12.969,35.506,88.05653492,86.04677464,92.07605547,54.708,15.663,20.663,0.789,2.571,2.163,75,80.556,108.304206,59.867,2984.898542
20200225,"3,013.05","2,982.07","3,016.95","2,943.72",44.16,3017.9,2980.807,2939.0055,7.171,-8.941,32.224,82.44543906,84.84632945,77.64365829,53.097,27.541,39.807,0.021,1.563,1.684,66.667,79.167,57.20656492,62.951,2986.521583
20200226,"2,987.93","2,978.42","3,028.78","2,974.94",46.9,3020.406,2986.91,2935.795,6.956,-5.761,25.434,73.44936842,81.04734244,58.25342038,50.935,44.543,61.617,-0.829,0.441,0.981,58.333,75,56.3330201,63.415,2983.560625
20200227,"2,991.33","2,992.49","3,009.46","2,980.48",35.05,3012.642,2995.436,2932.324,6.979,-3.213,20.385,65.47982439,75.85816975,44.72313365,51.216,42.409,58.665,-0.803,0.304,1.214,58.333,70.833,44.97378409,61.715,2981.899542
20200228,"2,880.30","2,924.64","2,948.13","2,878.54",40.12,2980.768,2991.765,2927.5125,-1.94,-2.959,2.038,43.97849163,65.23161038,1.472254137,42.865,99.024,99.024,-3.688,-3.294,-2.274,50,65.278,-103.6319554,62.0845,2962.419583
20200302,"2,970.93","2,899.31","2,982.51","2,899.31",36.73,2968.708,2990.496,2938.7285,-1.675,-2.702,2.054,46.39410346,58.95244141,21.27742757,49.832,48.775,43.541,-0.275,-0.431,0.98,58.333,61.111,-34.50421597,54.2035,2962.294
20200303,"2,992.90","3,006.89","3,026.84","2,976.62",41.01,2964.678,2991.289,2949.209,0.304,-2.101,4.809,52.06490907,56.6565973,42.88153263,51.333,36.593,23.882,0.678,0.093,1.812,58.333,58.333,45.42178662,51.9545,2965.028917
20200304,"3,011.67","2,981.81","3,012.00","2,974.36",35.33,2969.426,2994.916,2958.888,3.348,-1.011,8.718,59.3144341,57.5425429,62.8582165,52.598,26.187,11.388,1.317,0.642,2.522,58.333,56.944,40.23580161,50.6425,2978.923042
20200305,"3,071.68","3,036.15","3,074.26","3,022.93",44.54,2985.496,2999.069,2969.1465,10.482,1.288,18.389,72.43688617,62.50732399,92.29601053,56.379,1.318,1.318,2.853,2.4,4.424,58.333,56.944,162.3847983,50.323,2995.179542
20200306,"3,034.51","3,039.94","3,052.44","3,029.46",36.21,3016.338,2998.553,2977.074,12.987,3.627,18.719,74.85471545,66.62312114,91.31790406,53.615,20.31,20.31,1.364,0.995,2.741,58.333,56.944,103.0356017,50.5745,3003.659542
20200309,"2,943.29","2,987.18","2,989.21","2,940.71",41.46,3010.81,2989.759,2979.714,7.524,4.407,6.235,60.93080219,64.72568149,53.34104359,47.634,66.917,74.861,-2.026,-1.804,-0.572,50,56.944,-90.07413236,53.2245,2999.436208
20200310,"2,996.76","2,918.93","3,000.30","2,904.80",39.33,3011.582,2988.13,2984.4685,7.424,5.01,4.828,60.75474012,63.40203437,55.46015163,50.979,39.597,45.734,-0.389,0.099,0.98,50,55.556,-62.56207995,56.4205,2994.563792
20200311,"2,968.52","3,001.76","3,010.03","2,968.52",35.25,3002.952,2986.189,2986.5495,5.009,5.01,-0.002,55.82777347,60.87728074,45.72875895,49.245,54.026,62.398,-1.194,-0.671,-0.114,50,54.167,-24.15605072,56.772,2987.262583
20200312,"2,923.49","2,936.02","2,944.47","2,906.28",30.78,2973.314,2979.405,2987.4205,-0.533,3.901,-8.869,41.82554623,54.52670257,16.42323355,46.608,77.034,88.971,-2.215,-1.933,-1.695,50,52.778,-125.3803266,58.1755,2980.290333
20200313,"2,887.43","2,804.23","2,910.88","2,799.98",36.65,2943.898,2980.118,2985.9415,-7.745,1.572,-18.635,38.51152307,49.1883094,17.1579504,44.612,68.117,65.361,-2.419,-2.87,-2.903,50,51.389,-184.6966305,62.9825,2961.038917
20200316,"2,789.25","2,897.30","2,898.03","2,784.66",35.19,2913.09,2961.95,2976.223,-21.14,-2.97,-36.339,26.20266363,41.52642748,-4.444864069,39.773,98.415,97.963,-4.416,-5.638,-6.057,41.667,48.611,-187.1788029,65.3195,2929.240958
20200317,"2,779.64","2,796.28","2,826.91","2,715.22",30.61,2869.666,2940.624,2965.9565,-32.16,-8.808,-46.703,23.44920594,35.50068696,-0.653756117,39.337,82.058,78.149,-3.847,-5.695,-6.187,41.667,47.222,-183.5120244,69.413,2905.771
20200318,"2,728.76","2,792.32","2,815.87","2,728.76",29.12,2821.714,2912.333,2953.6245,-44.486,-15.944,-57.085,16.97119828,29.32419074,-7.734786631,37.091,96.229,95.407,-4.126,-6.783,-7.674,33.333,44.444,-152.4843434,72.446,2873.253625
20200319,"2,702.13","2,719.41","2,736.82","2,646.80",30.23,2777.442,2875.378,2937.2235,-55.761,-23.907,-63.707,16.39172306,25.01336818,-0.851567171,35.97,86.36,81.412,-3.557,-6.922,-8.297,25,40.278,-156.4336598,73.801,2844.736083
20200320,"2,745.62","2,727.02","2,751.90","2,702.49",25.2,2749.08,2846.489,2922.521,-60.489,-31.224,-58.532,19.99644957,23.34106198,13.30722477,39.107,72.794,62.58,-0.957,-4.697,-6.506,25,36.111,-104.1201272,74.3515,2825.2715
20200323,"2,660.17","2,677.59","2,703.33","2,656.50",24.98,2723.264,2818.177,2903.968,-70.321,-39.043,-62.556,14.55792084,20.41334826,2.847065985,35.537,96.319,94.678,-2.71,-6.55,-8.997,16.667,30.556,-117.4416074,77.0665,2796.875125
20200324,"2,722.44","2,703.02","2,723.41","2,667.13",25.7,2711.824,2790.745,2889.4375,-72.256,-45.686,-53.14,18.17551045,19.66740233,15.19172671,39.721,79.176,58.003,-0.025,-3.481,-6.529,25,27.778,-85.60044625,75.853,2785.649792
20200325,"2,781.59","2,775.30","2,788.64","2,757.80",27.31,2722.39,2772.052,2879.1205,-68.229,-50.194,-36.07,29.13079067,22.82186511,41.7486418,43.365,54.718,20.276,2.135,-0.911,-4.158,33.333,26.389,-36.8500305,76.471,2782.780542
20200326,"2,764.91","2,761.90","2,788.50","2,753.43",23.41,2734.946,2756.194,2867.7995,-65.628,-53.281,-24.693,35.09142629,26.91171884,51.4508412,42.607,55.275,16.73,1.298,-0.822,-4.355,25,25,-33.62664879,76.7755,2785.354667
20200327,"2,772.20","2,792.98","2,805.55","2,771.76",24.08,2740.262,2744.671,2862.3945,-62.26,-55.077,-14.366,46.60232373,33.4752538,72.85646358,43.061,50.086,22.375,1.133,0.026,-3.744,33.333,26.389,-16.02859453,73.168,2786.979667
20200330,"2,747.21","2,739.72","2,759.10","2,723.05",23.97,2757.67,2740.467,2851.2085,-60.906,-56.243,-9.326,50.8647498,39.27175246,74.05074446,41.877,44.251,39.141,0.211,-0.347,-4.243,33.333,27.778,-44.39914604,70.515,2777.711917
20200331,"2,750.30","2,767.31","2,771.17","2,743.12",21.86,2763.242,2737.533,2839.0785,-58.904,-56.775,-4.258,55.64211666,44.72854053,77.46926893,42.082,38.783,39.915,-0.223,0.18,-3.803,41.667,31.944,-21.3981482,69.122,2774.360458
20200401,"2,734.52","2,743.54","2,773.36","2,731.08",21.73,2753.828,2738.109,2825.221,-57.923,-57.004,-1.837,54.54302802,48.00003636,67.62901133,41.304,44.743,86.097,-0.868,-0.229,-3.996,41.667,34.722,-20.29120943,69.354,2767.119208
20200402,"2,780.64","2,720.23","2,780.64","2,719.90",21.79,2756.974,2745.96,2810.669,-52.815,-56.167,6.703,64.12451448,53.3748624,85.62381865,44.438,16.713,29.083,0.81,1.451,-2.234,50,37.5,24.86518629,69.2615,2766.248292
20200403,"2,763.99","2,773.58","2,780.59","2,754.07",20.08,2755.332,2747.797,2797.143,-49.54,-54.841,10.603,66.07482201,57.60818227,83.0081015,43.562,27.883,48.523,0.212,0.735,-2.524,50,41.667,54.2707317,68.479,2764.70325
20200407,"2,820.76","2,806.97","2,823.28","2,801.84",27.02,2770.042,2763.856,2791.0165,-41.88,-52.249,20.737,76.5706784,63.92901432,101.8540066,47.262,1.614,2.438,1.971,2.435,-0.27,58.333,45.833,159.9159662,66.7535,2774.853083
20200408,"2,815.37","2,805.92","2,823.21","2,800.30",24.35,2783.056,2773.149,2781.947,-35.832,-48.966,26.267,81.82999119,69.89600661,105.6979603,46.957,7.651,7.651,1.36,2.024,-0.172,50,48.611,129.2406651,63.124,2779.773
20200409,"2,825.90","2,825.84","2,832.39","2,820.43",23.82,2801.332,2777.58,2774.816,-29.845,-45.142,30.593,85.96352688,75.2518467,107.3868873,47.646,5.769,5.769,1.28,1.896,0.567,58.333,51.389,138.9578507,61.8995,2789.752125
20200410,"2,796.63","2,827.19","2,833.01","2,789.98",23.35,2804.53,2780.752,2768.473,-27.149,-41.543,28.788,79.92122433,76.80830591,86.14706117,45.916,32.163,32.163,-0.14,0.616,-0.123,50,52.778,83.80139612,60.939,2790.289083
20200413,"2,783.05","2,784.60","2,792.89","2,774.08",17.71,2808.342,2781.837,2763.254,-25.811,-38.397,25.171,71.89101868,75.16921016,65.3346357,45.124,44.169,63.289,-0.639,0.123,-0.37,41.667,51.389,22.07958445,55.891,2786.421833
20200414,"2,827.28","2,794.80","2,827.30","2,789.43",20.27,2809.646,2789.844,2765.1555,-20.94,-34.905,27.931,79.57205742,76.63682592,85.44252043,48.166,5.066,9.723,0.561,1.525,1.47,50,51.389,91.37547709,52.435,2790.948667
20200415,"2,811.17","2,826.66","2,829.75","2,808.70",20.56,2808.806,2795.931,2766.732,-18.17,-31.558,26.776,79.94515908,77.73960364,84.35626996,47.172,19.309,37.061,0.045,0.829,1.13,41.667,48.611,80.82554804,47.903,2792.96675
20200416,"2,819.93","2,798.43","2,823.34","2,796.84",20.3,2807.612,2804.472,2771.2905,-15.094,-28.266,26.342,81.10692389,78.86204372,85.59668422,47.783,11.564,22.196,0.33,0.923,1.602,50,48.611,62.31263448,44.8725,2798.884708
20200417,"2,838.49","2,835.56","2,854.96","2,830.02",24.57,2815.984,2810.257,2778.1085,-11.032,-24.819,27.574,80.6167821,79.44695651,82.95643327,49.086,16.325,20.364,0.915,1.321,2.346,50,47.222,110.686458,42.123,2803.88525
20200420,"2,852.55","2,840.41","2,852.99","2,833.26",21.18,2829.884,2819.113,2783.455,-6.602,-21.175,29.147,86.08461372,81.65950891,94.93482332,50.07,2.98,2.98,1.08,1.467,2.756,58.333,48.611,112.6947219,40.621,2813.459167
20200421,"2,827.01","2,842.24","2,842.24","2,808.02",23.32,2829.83,2819.738,2791.797,-5.093,-17.959,25.732,79.20395283,80.84099022,75.92987805,48.3,34.557,42.652,-0.085,0.42,1.763,50,50,57.62113293,38.3915,2818.932375
20200422,"2,843.98","2,814.07","2,843.98","2,808.48",21.73,2836.392,2822.599,2797.874,-2.499,-14.867,24.736,81.610746,81.09757548,82.63708704,49.537,13.576,18.892,0.416,0.784,2.198,58.333,51.389,74.44303464,37.0045,2823.271417
20200423,"2,838.50","2,850.51","2,853.64","2,835.90",24.88,2840.106,2823.859,2800.7195,-0.876,-12.069,22.386,80.95678484,81.05064527,80.76906398,49.141,20.351,28.321,0.062,0.538,1.793,50,52.778,107.3493494,34.5815,2824.320292
20200424,"2,808.53","2,834.94","2,834.94","2,802.50",23.52,2834.114,2825.049,2802.9005,-1.984,-10.052,16.135,63.68684176,75.26271076,40.53510374,46.996,57.406,88.506,-0.928,-0.504,0.623,50,52.778,-29.12811347,34.628,2822.708042
20200427,"2,815.49","2,812.24","2,832.67","2,802.96",21.01,2826.702,2828.293,2805.065,-2.275,-8.497,12.443,53.15415511,67.89319221,23.67608092,47.55,60.232,74.599,-0.548,-0.227,0.639,50,52.778,-20.95568592,34.0815,2819.699792
20200428,"2,810.02","2,819.99","2,821.74","2,758.25",25.39,2823.304,2826.567,2808.2055,-2.913,-7.38,8.933,53.27982864,63.02207102,33.79534387,47.146,46.469,45.728,-0.492,-0.46,0.313,50,51.389,-113.5532528,34.7985,2816.618458
20200429,"2,822.44","2,801.38","2,831.76","2,800.74",20.21,2818.996,2827.694,2811.8125,-2.39,-6.382,7.984,57.64445061,61.22953088,50.47429006,48.191,33.626,32.708,-0.026,-0.136,0.695,58.333,52.778,-4.88359123,34.947,2819.309583
20200430,"2,860.08","2,832.38","2,865.59","2,832.38",24.25,2823.312,2831.709,2818.0905,1.051,-4.895,11.892,70.05189323,64.17031833,81.81504302,51.239,5.133,5.133,1.212,1.098,1.894,58.333,52.778,133.4884752,34.9905,2825.949083
20200506,"2,878.14","2,831.63","2,879.26","2,830.65",24.98,2837.234,2835.674,2822.9655,5.175,-2.881,16.112,79.72608104,69.35557257,100.467098,52.634,0.926,0.926,1.613,1.536,2.376,66.667,55.556,148.5693329,34.384,2835.891375
20200507,"2,871.52","2,876.47","2,882.02","2,864.58",22.67,2848.44,2837.571,2828.342,7.819,-0.741,17.12,83.65622822,74.12245778,102.7237691,52.064,8.483,8.483,1.005,1.149,1.953,58.333,56.944,151.8978762,33.9275,2845.024875
20200508,"2,895.34","2,882.71","2,903.80","2,879.20",22.68,2865.504,2844.404,2832.071,11.701,1.747,19.908,87.16667362,78.47052973,104.5589614,53.937,5.812,5.812,1.368,1.818,2.579,58.333,58.333,175.4468782,32.577,2853.406917
20200511,"2,894.80","2,901.57","2,914.28","2,884.38",22.51,2879.976,2849.486,2836.0425,14.567,4.311,20.512,87.28285622,81.40797189,99.03262488,53.887,12.485,17.157,0.851,1.673,2.317,50,58.333,155.6489576,32.9265,2860.200833
20200512,"2,891.56","2,894.62","2,897.90","2,871.23",19.71,2886.272,2854.792,2839.3255,16.388,6.726,19.322,86.66813671,83.16136016,93.6816898,53.577,14.561,27.167,0.335,1.368,2.036,50,56.944,101.5221568,33.409,2866.916375
20200513,"2,898.05","2,882.96","2,900.26","2,875.54",18.51,2890.254,2863.744,2844.3965,18.145,9.01,18.27,87.64480921,84.65584318,93.62274126,54.128,10.402,19.407,0.34,1.435,2.064,50,55.556,93.44593254,32.4935,2871.1185
20200514,"2,870.34","2,887.06","2,887.06","2,869.18",19.78,2890.018,2869.229,2848.761,17.105,10.629,12.951,78.86320027,82.72496221,71.13967638,51.41,28.161,88.41,-0.575,0.372,1.015,50,52.778,49.86661397,32.8095,2870.509625
20200515,"2,868.46","2,880.71","2,884.22","2,863.37",18.9,2884.642,2875.073,2850.82,15.944,11.692,8.505,67.6458164,77.69858027,47.54028866,51.227,40.356,90.002,-0.622,0.132,0.87,50,51.389,36.03915336,31.6395,2870.220417
20200518,"2,875.42","2,872.52","2,889.98","2,862.27",22.6,2880.766,2880.371,2854.0325,15.409,12.436,5.947,62.94168461,72.77961505,43.26582372,51.886,46.467,74.716,-0.267,0.2,1.041,50,50,40.02772759,31.9725,2869.55625
20200519,"2,898.58","2,897.69","2,900.22","2,887.58",19.72,2882.17,2884.221,2857.965,16.662,13.281,6.762,65.23228887,70.26383966,55.1691873,54.041,18.773,4.422,0.515,0.748,1.703,58.333,51.389,80.81393235,31.8875,2874.895208
20200520,"2,883.74","2,896.47","2,896.47","2,876.18",21.05,2879.308,2884.781,2860.2275,16.269,13.878,4.782,57.24836691,65.92534874,39.89440324,52.47,58.719,43.485,0.045,0.055,1.034,50,51.389,49.42779635,31.256,2877.685417
20200521,"2,867.92","2,890.72","2,891.52","2,864.21",20.35,2878.824,2884.421,2860.996,14.514,14.006,1.018,41.78667644,57.87912464,9.60178005,50.826,89.137,85.112,-0.33,-0.517,0.42,41.667,50,-3.500044988,31.635,2876.160458
20200522,"2,813.77","2,863.05","2,863.05","2,808.02",20.91,2867.886,2876.264,2860.334,8.654,12.935,-8.562,29.93569699,48.56464876,-7.322206551,45.711,94.589,93.764,-1.89,-2.213,-1.48,33.333,47.222,-237.7155753,32.4035,2865.229333
20200525,"2,817.97","2,816.24","2,821.50","2,802.47",17.29,2856.396,2868.581,2859.0335,4.3,11.208,-13.817,25.24056181,40.78995311,-5.858220797,46.15,84.15,84.143,-1.455,-1.915,-1.33,41.667,45.833,-237.3215095,31.58,2856.204
20200526,"2,846.55","2,827.90","2,848.34","2,825.90",17.46,2845.99,2864.08,2859.436,3.119,9.59,-12.943,31.85858426,37.81283016,19.95009245,49.071,54.924,54.905,-0.287,-0.78,-0.341,41.667,44.444,-110.5921115,32.2115,2852.304417
20200527,"2,836.80","2,847.32","2,849.00","2,831.93",19.81,2836.602,2857.955,2860.8495,1.38,7.948,-13.136,32.94579104,36.19048378,26.45640555,48.142,64.88,63.479,-0.269,-0.953,-0.659,41.667,41.667,-90.20458417,31.265,2850.794458
20200528,"2,846.22","2,838.21","2,861.92","2,820.15",20.75,2832.262,2855.543,2862.386,0.754,6.509,-11.511,36.88287177,36.42127978,37.80605576,49.114,55.243,50.87,0.282,-0.493,-0.357,50,41.667,-65.25665973,31.868,2851.024833
20200529,"2,852.35","2,835.58","2,855.38","2,829.63",20.68,2839.978,2853.932,2864.5025,0.744,5.356,-9.225,41.59795885,38.14683947,48.5001976,49.753,48.972,17.663,0.59,-0.146,-0.155,50,43.056,-46.74747344,29.981,2850.436458
20200601,"2,915.43","2,871.96","2,917.15","2,871.96",26.02,2859.47,2857.933,2869.152,5.759,5.437,0.644,60.56536403,45.61968099,90.45673011,55.727,1.5,1.5,2.204,1.929,1.939,58.333,47.222,107.1740598,31.67,2863.326542
20200602,"2,921.40","2,916.32","2,926.36","2,909.13",25.61,2874.44,2860.215,2872.218,10.099,6.369,7.46,72.37572551,54.5383625,108.0504515,56.241,4.004,4.67,1.798,1.98,1.98,66.667,51.389,140.3075509,30.374,2875.770542
20200603,"2,923.37","2,930.39","2,942.76","2,922.66",25.57,2891.754,2864.178,2874.4795,13.542,7.804,11.476,76.97669367,62.01780622,106.8944686,56.415,13.821,15.814,1.415,1.907,1.889,66.667,55.556,139.8565125,29.0115,2886.454042
20200604,"2,919.25","2,931.84","2,932.97","2,910.75",22.66,2906.36,2869.311,2876.866,15.756,9.394,12.723,79.06508116,67.7002312,101.7947811,55.93,16.758,19.175,0.791,1.702,1.584,58.333,58.333,101.4852293,29.2505,2891.235042
20200605,"2,930.80","2,923.19","2,930.80","2,909.12",21.74,2922.05,2881.014,2878.639,18.232,11.162,14.141,82.79188539,72.7307826,102.914091,57.012,8.525,10.572,0.7,1.965,1.826,66.667,61.111,90.97331667,28.7205,2896.966208
20200608,"2,937.77","2,941.98","2,950.07","2,934.21",23.11,2926.518,2892.994,2880.7875,20.521,13.033,14.974,85.37213542,76.94456687,102.2272725,57.667,9.467,15.747,0.448,2.001,1.953,75,65.278,107.4690302,28.189,2903.717708
20200609,"2,956.11","2,939.54","2,957.12","2,932.94",20.9,2933.46,2903.95,2884.015,23.543,15.135,16.815,90.00229436,81.2971427,107.4125977,59.367,0.737,2.104,0.841,2.217,2.474,83.333,69.444,101.6079472,28.0645,2912.256667
20200610,"2,943.75","2,951.28","2,951.33","2,934.84",20.79,2937.536,2914.645,2886.3,24.656,17.04,15.233,89.8391639,84.1444831,101.2285255,57.737,9.761,27.854,0.292,1.422,1.94,75,70.833,80.03728855,27.892,2917.45875
20200611,"2,920.90","2,939.79","2,952.65","2,912.19",23.37,2937.866,2922.113,2888.828,23.425,18.317,10.217,79.04887426,82.44594682,72.25472913,54.832,28.41,75.458,-0.472,0.42,1.111,66.667,70.833,52.07797407,28.4715,2918.130958
20200612,"2,919.74","2,876.80","2,930.26","2,872.62",23.6,2935.654,2928.852,2891.392,22.101,19.073,6.054,71.28702071,78.72630478,56.40845256,54.686,43.894,44.237,-0.515,0.142,1.035,66.667,72.222,10.21052853,30.311,2917.489458
20200615,"2,890.03","2,908.28","2,922.54","2,890.03",24.32,2926.106,2926.312,2892.1225,18.441,18.947,-1.011,54.39253057,70.61504671,21.94749829,51.059,79.396,79.396,-1.298,-1.001,0.009,58.333,70.833,-13.15322066,30.551,2912.409375
20200616,"2,931.75","2,912.83","2,931.78","2,909.13",22.33,2921.234,2927.347,2893.781,18.692,18.896,-0.408,59.58713083,66.93907475,44.883243,55.394,30.024,30.024,0.161,0.201,1.403,58.333,68.056,32.76509952,31.3985,2915.1315
20200617,"2,935.87","2,932.67","2,936.62","2,919.04",23.47,2919.658,2928.597,2896.3875,19.004,18.918,0.173,64.67544422,66.18453124,61.65727019,55.798,25.148,20.967,0.417,0.284,1.45,58.333,63.889,45.0925132,31.1575,2916.709792
20200618,"2,939.32","2,929.88","2,942.90","2,920.11",25.87,2923.342,2930.604,2899.9575,19.308,18.996,0.624,69.4285999,67.26588746,73.75402477,56.144,21.065,16.656,0.561,0.35,1.465,58.333,61.111,52.52606311,30.9315,2921.898542
20200619,"2,967.63","2,938.79","2,973.32","2,935.82",26.43,2932.92,2934.287,2907.6505,21.584,19.513,4.141,77.73558431,70.75578641,91.6951801,58.904,5.65,5.65,1.259,1.19,2.307,58.333,59.722,171.4415756,29.8115,2929.680958
20200622,"2,965.27","2,966.90","2,983.44","2,959.03",26.79,2947.968,2937.037,2915.0155,22.932,20.197,5.471,79.69173707,73.73443663,91.60633795,58.583,16.396,19.452,0.917,0.977,2.128,58.333,58.333,173.9145657,30.0805,2936.828042
20200623,"2,970.62","2,960.89","2,972.40","2,949.85",22.52,2955.742,2938.488,2921.219,24.155,20.989,6.332,82.60505506,76.69130944,94.43254629,59.11,11.568,17.252,0.64,1.045,2.185,58.333,58.333,119.5437191,29.6895,2945.17475
20200624,"2,979.55","2,972.98","2,982.94","2,971.22",21.32,2964.478,2942.068,2928.3565,25.549,21.901,7.297,87.23330447,80.20530778,101.2892978,59.996,3.51,6.04,0.67,1.229,2.328,58.333,58.333,141.4320066,29.452,2950.814542
20200629,"2,961.52","2,973.08","2,977.91","2,951.77",22.06,2968.918,2946.13,2934.1215,24.913,22.503,4.819,83.66672355,81.35911304,88.28194457,57.377,19.78,34.612,-0.083,0.601,1.494,50,56.944,76.94164473,28.7525,2953.12475
20200630,"2,984.67","2,965.11","2,990.83","2,965.11",21.5,2972.326,2952.623,2940.7375,25.977,23.198,5.558,86.59788914,83.10537174,93.58292394,59.732,6.111,11.198,0.442,1.27,2.045,58.333,56.944,111.30922,28.9305,2958.691667
20200701,"3,025.98","2,991.18","3,026.19","2,984.98",27.33,2984.468,2966.218,2946.265,29.81,24.52,10.579,90.99993045,85.73689131,101.5260087,63.488,0.179,0.275,1.5,2.368,3.193,66.667,58.333,163.6228033,27.7665,2968.563125
20200702,"3,090.57","3,023.72","3,092.44","3,021.67",39.11,3008.458,2982.1,2954.7235,37.625,27.141,20.968,93.63824451,88.37067571,104.1733821,68.311,1.078,1.311,2.945,4.051,5.017,75,61.111,226.4006194,30.4435,2990.211708
20200703,"3,152.81","3,104.00","3,152.81","3,104.00",45.88,3043.11,3003.794,2966.1955,48.285,31.37,33.83,95.75882967,90.8333937,105.6097016,72.026,0,0,3.967,5.37,6.669,83.333,65.278,247.1714695,32.4875,3020.157208
20200706,"3,332.88","3,187.84","3,337.27","3,187.84",64.39,3117.382,3043.15,2986.877,70.451,39.186,62.53,96.79484073,92.82054271,104.7434368,79.339,1.094,1.139,7.811,10.158,12.003,83.333,69.444,265.8669069,40.5995,3073.981542
20200707,"3,345.34","3,380.95","3,407.08","3,336.24",65.78,3189.516,3080.921,3007.604,88.009,48.951,78.116,93.36221016,93.00109852,94.08443343,79.722,13.503,13.969,6.02,9.336,11.749,83.333,75,213.6018598,43.2255,3124.91725
20200708,"3,403.44","3,337.55","3,421.53","3,327.71",58.71,3265.008,3124.738,3030.8875,105.396,60.24,90.313,94.29117258,93.43112321,96.01127131,81.399,3.835,4.144,5.527,9.847,12.932,83.333,79.167,163.7182619,46.953,3178.741875
20200709,"3,450.59","3,403.48","3,456.97","3,393.64",62,3337.012,3172.735,3055.6115,121.579,72.508,98.143,95.77315965,94.21180202,98.89587491,82.616,1.263,1.466,4.692,9.94,13.668,83.333,81.944,141.6565244,48.9105,3222.485792
20200710,"3,383.32","3,418.93","3,433.11","3,372.51",55.61,3383.114,3213.112,3077.59,127.507,83.507,87.998,92.19084876,93.53815094,89.49624441,75.282,14.578,20.866,1.154,6.614,10.747,83.333,83.333,102.5430426,51.751,3252.052708
20200713,"3,443.29","3,379.39","3,458.79","3,369.04",55.8,3405.196,3261.289,3103.7095,135.481,93.902,83.158,93.70344801,93.59324996,93.92384411,77.167,3.14,5.721,1.478,7.173,11.927,83.333,83.333,93.34780909,54.2155,3283.854042
20200714,"3,414.62","3,435.02","3,451.22","3,366.08",54.32,3419.052,3304.284,3128.4535,137.898,102.701,70.394,92.43403977,93.20684656,90.88842617,74.338,9.322,33.697,0.231,5.095,10.283,75,81.944,75.76260247,55.5905,3299.512333
20200715,"3,361.30","3,422.08","3,432.45","3,345.75",49.2,3410.624,3337.816,3152.017,133.967,108.955,50.025,85.79661766,90.73677026,75.91631245,69.401,22.303,74.374,-1.412,2.404,7.972,75,80.556,56.51335189,58.3,3312.561958
20200716,"3,210.10","3,356.36","3,373.53","3,209.73",49.06,3362.526,3349.769,3165.9345,117.299,110.623,13.351,59.93625775,80.46993276,18.86890773,58.002,70.095,99.851,-4.948,-2.759,2.749,66.667,77.778,6.1003318,64.4025,3293.249458
20200717,"3,214.13","3,214.40","3,252.78","3,181.27",35.97,3328.688,3355.901,3179.8475,103.224,109.144,-11.839,43.90436785,68.28141112,-4.849718685,58.193,88.159,88.159,-3.705,-3.097,2.477,66.667,75,-26.13556914,67.099,3274.0875
20200720,"3,314.15","3,243.91","3,314.15","3,220.68",41.86,3302.86,3354.028,3198.589,99,107.115,-16.23,45.22998983,60.59760402,14.49476144,62.598,52.119,52.119,-0.364,-0.64,5.116,66.667,72.222,-4.201373251,70.9605,3276.619542
20200721,"3,320.89","3,330.55","3,336.68","3,300.57",35.93,3284.114,3351.583,3216.252,95.099,104.712,-19.225,46.92328908,56.03949904,28.69086915,62.873,49.69,48.279,0.454,-0.854,4.733,66.667,69.444,5.749680964,70.891,3288.669458
20200722,"3,333.16","3,315.18","3,381.98","3,311.79",39.33,3278.486,3344.555,3234.6465,91.938,102.157,-20.437,49.5259229,53.868307,40.84115471,63.384,45.269,39.529,1.241,-0.489,4.568,66.667,68.056,10.58286651,73.18,3299.798917
20200723,"3,325.11","3,306.15","3,336.30","3,257.83",40.7,3301.488,3332.007,3252.371,87.772,99.28,-23.016,50.29411483,52.67690961,45.52852529,62.792,48.17,28.334,1.182,-0.679,3.788,58.333,65.278,-44.73203515,75.976,3303.214
20200724,"3,196.77","3,310.64","3,319.13","3,184.96",42.71,3298.016,3313.352,3263.232,73.27,94.078,-41.616,35.44334457,46.93238793,12.46525785,54.345,94.415,92.277,-2.657,-4.019,-0.551,50,62.5,-119.1734238,82.3675,3290.724875
20200727,"3,205.23","3,210.39","3,221.98","3,174.66",29.93,3276.232,3289.546,3275.4175,61.747,87.612,-51.729,27.5817262,40.48216735,1.7808439,54.763,88.946,85.255,-2.356,-3.17,-0.594,50,59.722,-125.6716145,83.3445,3277.627917
20200728,"3,227.96","3,226.13","3,245.30","3,208.49",28.94,3257.646,3270.88,3287.582,53.829,80.855,-54.052,26.95750041,35.97394504,8.924611143,55.897,79.324,74.291,-1.231,-2.101,-0.228,58.333,58.333,-85.91248191,83.8825,3265.745292
20200729,"3,294.55","3,221.99","3,294.55","3,209.99",32.49,3249.924,3264.205,3301.0105,52.324,75.149,-45.649,37.24782618,36.39857208,38.94633436,59.035,42.172,42.172,0.942,0.296,1.407,58.333,56.944,-40.64119422,86.0345,3273.0545
20200730,"3,286.82","3,299.57","3,312.45","3,282.16",34.07,3242.266,3271.877,3310.823,49.932,70.106,-40.347,42.86519816,38.55411411,51.48736625,58.531,45.9,30.611,0.944,0.386,0.772,58.333,55.556,-4.552625296,84.0105,3277.713458
20200731,"3,310.01","3,280.80","3,333.79","3,261.61",35.38,3264.914,3281.465,3318.683,49.339,65.953,-33.227,50.33864841,42.48229221,66.05136081,59.611,34.714,14.944,1.735,1.226,1.033,66.667,56.944,18.07343633,84.5075,3284.81825
20200803,"3,367.97","3,332.18","3,368.10","3,327.68",40.75,3297.462,3286.847,3320.4375,52.936,63.349,-20.827,64.63987584,49.86815342,94.18332068,62.181,6.758,0.067,2.617,2.586,2.304,75,61.111,107.0883531,78.189,3301.7975
20200804,"3,371.69","3,376.44","3,391.07","3,352.50",44.23,3326.208,3291.927,3321.755,55.447,61.769,-12.643,73.44150926,57.7259387,104.8726504,62.342,8.955,10.615,1.869,2.29,1.971,75,65.278,136.2007049,76.4075,3319.417708
20200805,"3,377.56","3,363.33","3,383.64","3,333.88",38.58,3342.81,3296.367,3320.461,57.251,60.865,-7.228,80.21341287,65.22176342,110.1967118,62.603,6.243,7.461,1.283,2.305,1.78,75,68.056,106.2881428,74.2045,3332.27775
20200806,"3,386.46","3,380.76","3,392.70","3,334.33",41.53,3362.738,3302.502,3317.2545,58.722,60.437,-3.429,85.85498851,72.09950512,113.3659553,63.009,2.862,4.76,1.086,2.405,1.75,75,70.833,102.4505563,73.9565,3338.212583
20200807,"3,354.04","3,370.59","3,374.13","3,307.71",40.39,3371.544,3318.229,3315.7905,56.619,59.673,-6.108,83.57435331,75.92445452,98.87415089,60.512,17.731,29.491,-0.216,1.371,0.749,66.667,72.222,55.73181578,73.99,3339.611583
20200810,"3,379.25","3,341.53","3,399.93","3,335.04",38.14,3373.8,3335.631,3312.5885,56.337,59.006,-5.338,85.42035263,79.08975389,98.08155011,61.742,10.802,22.425,0.19,1.994,1.463,75,73.611,81.76286129,72.747,3342.964833
20200811,"3,340.29","3,379.49","3,409.06","3,336.09",40.05,3367.52,3346.864,3308.872,52.366,57.678,-10.623,74.73372214,77.63774331,68.92567982,58.788,34.546,67.854,-0.829,0.455,0.373,75,73.611,65.10176692,72.1385,3340.024875
20200812,"3,319.27","3,327.49","3,335.73","3,263.27",37.83,3355.862,3349.336,3306.7705,46.982,55.539,-17.114,62.85740852,72.71096504,43.15029548,57.246,60.895,61.589,-1.197,-0.461,-0.095,66.667,72.222,-7.996476828,71.6545,3336.793667
20200813,"3,320.73","3,328.18","3,338.15","3,309.46",32.43,3342.716,3352.727,3312.302,42.344,52.9,-21.111,55.04255705,66.82149571,31.48467972,57.327,59.905,60.587,-0.874,-0.648,0.028,66.667,70.833,6.252661141,64.899,3332.864667
20200814,"3,360.10","3,315.67","3,362.03","3,302.74",30.6,3343.928,3357.736,3319.6005,41.369,50.594,-18.45,58.83418795,64.15905979,48.18444427,59.49,33.583,33.583,0.433,0.366,1.32,66.667,69.444,23.91237282,64.288,3336.607417
20200817,"3,438.80","3,373.90","3,450.90","3,369.37",43.46,3355.838,3364.819,3325.833,46.411,49.757,-6.692,70.40650459,66.24154139,78.736431,63.363,6.449,6.449,2.353,2.33,3.661,75,70.833,162.7084796,63.827,3354.824292
20200818,"3,451.09","3,441.93","3,456.72","3,432.64",38.07,3377.998,3372.759,3332.343,50.813,49.968,1.69,79.30089882,70.59466053,96.71337538,63.925,2.91,2.91,2.354,2.337,3.914,75,70.833,193.4674656,63.2255,3373.247625
20200819,"3,408.13","3,444.56","3,454.46","3,406.16",40.57,3395.77,3375.816,3336.0915,50.256,50.026,0.461,77.82806539,73.00579549,87.47260521,60.538,25.118,25.118,0.742,0.963,2.367,66.667,69.444,125.4367404,62.131,3381.850583
20200820,"3,363.90","3,385.96","3,394.56","3,352.78",33.56,3404.404,3373.56,3338.031,45.719,49.164,-6.892,69.22491342,71.74550146,64.18373732,57.277,47.981,60.281,-0.783,-0.328,0.849,58.333,68.056,2.5497045,60.975,3377.791083
20200821,"3,380.68","3,380.23","3,393.92","3,358.00",28.75,3408.52,3376.224,3347.2265,42.981,47.928,-9.893,66.38083743,69.95728012,59.22795204,58.169,39.307,49.383,-0.581,0.162,1.268,58.333,66.667,16.50131557,55.7635,3376.785375
20200824,"3,385.64","3,391.11","3,396.57","3,368.03",26.62,3397.888,3376.863,3356.247,40.742,46.491,-11.497,65.33944344,68.41800123,59.18232787,58.437,36.743,68.386,-0.56,0.311,1.335,58.333,65.278,28.22499992,54.8245,3378.213417
20200825,"3,373.58","3,392.88","3,408.87","3,364.16",27.71,3382.386,3380.192,3363.528,37.562,44.705,-14.286,58.89495389,65.24365211,46.19755745,57.503,42.978,79.988,-0.597,-0.095,0.923,58.333,62.5,21.93108795,55.0565,3378.529917
20200826,"3,329.74","3,371.81","3,382.60","3,320.14",29.45,3366.708,3381.239,3365.2875,31.145,41.993,-21.696,45.10821752,58.53184058,18.26097139,54.218,82.465,92.853,-1.3,-1.273,-0.394,50,58.333,-61.17973375,53.9515,3368.637083
20200827,"3,350.11","3,333.49","3,351.83","3,312.99",23.71,3363.95,3384.177,3368.452,27.387,39.072,-23.369,38.68087898,51.91485338,12.21293018,55.452,69.236,61.285,-0.411,-0.693,0.024,58.333,56.944,-72.08545253,54.379,3364.254458
20200828,"3,403.81","3,346.29","3,405.88","3,339.65",27.13,3368.576,3388.548,3373.142,28.415,36.94,-17.051,46.84989325,50.22653334,40.09661308,58.527,36.812,5.277,0.985,0.689,1.377,66.667,58.333,25.19725279,54.0815,3371.370292
20200831,"3,395.68","3,416.55","3,442.74","3,395.47",32.35,3370.584,3384.236,3374.5275,28.248,35.202,-13.908,50.71678047,50.38994905,51.3704433,57.896,42.469,36.27,0.67,0.263,0.924,58.333,58.333,74.63895474,53.5405,3379.398125
20200901,"3,410.61","3,389.74","3,410.61","3,381.71",24.7,3377.99,3380.188,3376.4735,28.986,33.959,-9.946,58.89018505,53.22336105,70.22383305,58.748,30.996,24.763,0.988,0.579,1.223,58.333,58.333,45.65079365,53.057,3387.019
20200902,"3,404.80","3,420.47","3,421.40","3,377.21",26.15,3393.002,3379.855,3377.8355,28.77,32.921,-8.301,62.84650744,56.43107651,75.67736929,58.269,29.241,29.241,0.661,0.491,0.903,50,56.944,35.9259368,52.7785,3388.0345
20200903,"3,384.98","3,404.03","3,425.63","3,374.26",25.53,3399.976,3381.963,3377.7615,26.692,31.675,-9.966,60.39221241,57.75145514,65.67372694,56.625,44.516,44.516,-0.197,0.069,0.223,41.667,55.556,10.97500166,52.4285,3388.048708
20200904,"3,355.37","3,336.41","3,360.11","3,328.55",22.16,3390.288,3379.432,3377.828,22.398,29.82,-14.843,51.14907931,55.5506632,42.34591152,54.239,67.337,76.513,-1.096,-0.677,-0.638,41.667,52.778,-109.9925627,51.3125,3382.582
20200907,"3,292.59","3,349.92","3,368.24","3,285.63",26.06,3369.67,3370.127,3373.495,13.771,26.61,-25.679,35.5760586,48.89246167,8.943252468,49.614,95.57,95.57,-2.413,-2.364,-2.402,41.667,48.611,-170.9113974,52.1985,3366.028125
20200908,"3,316.42","3,301.22","3,324.39","3,276.44",27.11,3350.832,3364.411,3372.3015,8.755,23.039,-28.568,31.73100239,43.17197524,8.849056679,51.26,75.959,73.202,-1.32,-1.501,-1.622,41.667,45.833,-153.7433108,50.9475,3355.375167
20200909,"3,254.63","3,281.00","3,289.61","3,238.56",35.15,3320.798,3356.9,3369.0695,-0.204,18.39,-37.188,23.77750373,36.7071514,-2.081791617,47.097,92.129,91.41,-2.404,-3.021,-3.297,33.333,41.667,-185.5462841,50.9895,3336.943625
20200910,"3,234.82","3,282.23","3,285.47","3,227.64",31.25,3290.766,3345.371,3364.774,-8.8,12.952,-43.505,16.96432993,30.12621091,-9.359432032,45.851,96.662,96.374,-2.167,-3.278,-3.744,33.333,38.889,-160.0435381,52.4465,3321.08225
20200911,"3,260.35","3,225.78","3,262.50","3,220.54",22.17,3271.762,3331.025,3359.7865,-13.399,7.682,-42.162,17.77988339,26.0107684,1.318113352,47.711,82.084,73.047,-0.771,-2.346,-2.841,41.667,38.889,-131.7742918,51.58,3308.524333
20200914,"3,278.81","3,275.92","3,283.53","3,261.15",21.39,3269.006,3319.338,3351.787,-15.376,3.07,-36.893,21.3238945,24.4484771,15.07472929,49.032,71.588,60.548,0.179,-1.618,-2.216,41.667,38.889,-79.28692284,48.199,3303.864042
20200915,"3,295.68","3,277.13","3,297.69","3,263.75",19.77,3264.858,3307.845,3344.0165,-15.404,-0.625,-29.56,26.42845425,25.10846948,29.06842378,50.231,63.362,27.646,0.679,-0.844,-1.684,41.667,38.889,-55.74698113,48.692,3304.869125
20200916,"3,283.92","3,293.17","3,302.46","3,271.07",20.04,3270.716,3295.757,3337.806,-16.189,-3.737,-24.904,31.9227384,27.37989246,41.00843029,49.386,69.096,22.632,0.486,-0.92,-1.99,41.667,38.889,-49.0103208,47.8465,3301.598167
20200917,"3,270.44","3,277.32","3,290.41","3,248.50",20.29,3277.84,3284.303,3333.133,-17.695,-6.529,-22.332,32.54339184,29.10105892,39.42805768,48.412,66.215,39.087,-0.007,-0.978,-2.283,33.333,38.889,-61.33332294,47.1745,3297.470958
20200918,"3,338.09","3,270.91","3,338.32","3,268.53",25.63,3293.388,3282.575,3331.0035,-13.276,-7.878,-10.796,54.96383478,37.7219842,89.44753593,53.242,20.413,0.195,1.527,1.241,-0.137,41.667,40.278,5.886703378,48.868,3303.385875
20200921,"3,316.94","3,348.90","3,350.59","3,313.07",21.65,3301.014,3285.01,3327.5685,-11.35,-8.573,-5.555,61.35100199,45.59832347,92.85635904,51.664,25.875,32.961,0.595,0.773,-0.603,41.667,40.278,36.8819892,49.317,3306.219208
20200922,"3,274.30","3,290.67","3,320.23","3,265.70",21.4,3296.738,3280.798,3322.6045,-13.114,-9.481,-7.265,54.67998364,48.62554352,66.78886387,48.632,58.662,74.728,-0.675,-0.318,-1.717,41.667,40.278,-23.02866454,49.808,3303.423
20200923,"3,279.71","3,278.84","3,289.76","3,264.89",16.92,3295.896,3283.306,3320.103,-13.914,-10.368,-7.093,51.61928424,49.6234571,55.61093852,49.028,54.502,69.429,-0.431,-0.121,-1.451,50,41.667,-31.58990131,47.9285,3296.998875
20200924,"3,223.18","3,262.88","3,265.35","3,221.24",20.67,3286.444,3282.142,3313.7565,-18.892,-12.072,-13.639,34.91279173,44.71990197,15.29857125,45.226,97.97,98.5,-1.845,-1.61,-2.958,41.667,41.667,-137.1626358,48.91,3283.125583
20200925,"3,219.42","3,234.37","3,239.47","3,208.03",16.48,3262.71,3278.049,3304.537,-22.877,-14.233,-17.287,25.93840062,38.45940152,0.896398824,44.983,92.01,92.01,-1.705,-1.636,-2.869,41.667,43.056,-151.3800819,47.1705,3273.388
20200928,"3,217.53","3,224.98","3,238.18","3,210.89",15.6,3242.828,3271.921,3295.6295,-25.889,-16.564,-18.649,19.51355403,32.14411903,-5.747575971,44.857,93.336,93.336,-1.157,-1.651,-2.735,41.667,43.056,-125.4053146,46.1715,3260.595917
20200929,"3,224.36","3,231.85","3,242.79","3,219.79",15.13,3232.84,3264.789,3286.317,-27.409,-18.733,-17.351,16.82731136,27.03851647,-3.595098852,45.434,88.545,85.446,-0.475,-1.351,-2.399,41.667,43.056,-91.32104378,45.9895,3253.758833
20200930,"3,218.05","3,232.71","3,244.91","3,202.34",15.35,3220.508,3258.202,3276.9795,-28.791,-20.745,-16.092,14.7505291,22.94252068,-1.633454051,44.981,89.403,82.029,-0.382,-1.392,-2.427,33.333,41.667,-96.20422642,45.9085,3247.700708
20201009,"3,272.08","3,262.61","3,280.51","3,260.19",18.83,3230.288,3258.366,3271.3345,-25.235,-21.643,-7.185,25.51440558,23.79981565,28.94358543,49.482,52.958,10.784,1.331,0.324,-0.624,33.333,38.889,11.360337,46.463,3250.025708
20201012,"3,358.47","3,287.33","3,359.15","3,286.11",25.96,3258.098,3260.404,3271.4895,-15.271,-20.368,10.196,50.19838845,32.59933991,85.39648551,55.549,0.434,0.434,3.285,2.777,2.048,41.667,38.889,135.7535751,47.995,3268.4305
20201013,"3,359.75","3,353.12","3,361.83","3,334.50",20.49,3286.542,3264.685,3274.8475,-7.187,-17.732,21.09,66.36420663,43.85429549,111.3840289,55.632,1.304,1.304,2.587,2.583,2.153,50,40.278,141.6949063,45.231,3288.786042
20201014,"3,340.78","3,353.62","3,353.62","3,332.96",19.87,3309.826,3271.333,3276.0655,-2.286,-14.643,24.715,73.17669787,53.62842961,112.2732344,54.082,13.198,13.198,1.371,1.997,1.658,41.667,40.278,104.4895575,44.173,3300.007
20201015,"3,332.18","3,342.92","3,354.58","3,330.00",19.1,3332.652,3276.58,3279.943,0.895,-11.535,24.86,75.92096283,61.05927402,105.6443405,53.378,18.591,18.591,0.562,1.695,1.465,41.667,40.278,83.09809081,41.509,3303.595542
20201016,"3,336.36","3,334.46","3,348.95","3,319.11",19.43,3345.508,3287.898,3285.02,3.71,-8.486,24.392,78.6240908,66.91421295,102.0438465,53.684,15.97,25.059,0.093,1.662,1.616,50,43.056,72.38461902,40.1095,3309.138125
20201019,"3,312.67","3,351.10","3,371.09","3,307.84",21.23,3336.348,3297.223,3287.636,3.983,-5.993,19.951,74.20964078,69.34602222,83.93687789,51.68,34.619,68.746,-0.819,0.856,0.869,41.667,44.444,65.34689954,41.174,3309.827542
20201020,"3,328.10","3,307.15","3,328.10","3,293.77",16.51,3330.018,3308.28,3290.1005,5.383,-3.717,18.2,74.31457533,71.00220659,80.93931281,52.875,25.476,55.6,-0.206,1.056,1.324,50,45.833,40.08768215,41.7315,3311.024083
20201021,"3,325.02","3,332.15","3,332.15","3,304.17",17.76,3326.866,3318.346,3291.5675,6.172,-1.74,15.824,69.02907367,70.34449562,66.39822977,52.604,27.301,59.584,-0.125,0.694,1.14,50,45.833,40.15592349,41.4335,3311.19875
20201022,"3,312.50","3,315.82","3,320.88","3,281.37",16.6,3322.93,3327.791,3292.9965,5.722,-0.247,11.938,57.58499398,66.09132841,40.57232512,51.485,52.831,65.303,-0.36,0.075,0.66,50,47.222,13.56164929,42.0465,3312.342042
20201023,"3,278.00","3,308.16","3,326.05","3,276.62",17.42,3311.258,3328.383,3293.3745,2.552,0.313,4.478,38.87692305,57.01985995,2.591049247,48.516,98.539,98.539,-1.129,-1.101,-0.411,41.667,47.222,-12.84936384,42.4225,3307.121542
20201026,"3,251.12","3,258.70","3,264.45","3,226.60",16.77,3298.948,3317.648,3289.026,-2.106,-0.171,-3.869,31.57462621,48.53811537,-2.352352114,46.344,83.03,83.03,-1.518,-1.994,-1.193,41.667,45.833,-102.8810551,41.503,3297.013375
20201027,"3,254.32","3,240.74","3,258.34","3,235.54",14.91,3284.192,3307.105,3285.895,-5.475,-1.232,-8.486,27.44465703,41.50696259,-0.679954096,46.641,80.815,73.738,-1.13,-1.853,-1.044,41.667,45.833,-107.4780294,40.767,3288.581042
20201028,"3,269.24","3,256.22","3,275.87","3,238.38",17.32,3273.036,3299.951,3285.642,-6.863,-2.358,-9.009,28.13333561,37.04908693,10.30183298,48.039,70.489,59.602,-0.38,-1.182,-0.571,41.667,44.444,-99.66411721,39.915,3283.476333
20201029,"3,272.73","3,235.76","3,289.77","3,231.12",18.47,3265.082,3294.006,3285.293,-7.593,-3.405,-8.376,29.39758536,34.49858641,19.19558326,48.369,68.074,53.615,-0.008,-0.859,-0.468,41.667,43.056,-89.79976052,41.604,3281.19825
20201030,"3,224.53","3,278.63","3,279.86","3,219.42",23.02,3254.388,3282.823,3285.3605,-11.924,-5.109,-13.63,21.10937519,30.035516,3.257093563,44.31,96.631,95.208,-1.037,-2.032,-1.793,41.667,41.667,-113.0557196,41.7025,3272.645333
20201102,"3,225.12","3,228.72","3,242.80","3,209.91",22.68,3249.188,3274.068,3285.6455,-15.134,-7.114,-16.04,18.22049533,26.09717578,2.467134426,44.37,87.557,80.954,-0.751,-1.747,-1.66,50,43.056,-118.593882,41.775,3264.606167
20201103,"3,271.07","3,239.81","3,278.38","3,237.85",21.53,3252.538,3268.365,3288.3225,-13.811,-8.453,-10.715,29.70052424,27.29829193,34.50498885,48.823,49.967,23.416,0.561,-0.182,-0.255,50,44.444,-43.45734029,43.0735,3264.608125
20201104,"3,277.44","3,273.43","3,286.62","3,254.11",18.85,3254.178,3263.607,3290.9765,-12.109,-9.184,-5.849,39.1821301,31.25957132,55.02724766,49.409,41.855,15.44,0.637,0.102,-0.058,58.333,47.222,-16.42763352,43.436,3269.910167
20201105,"3,320.13","3,305.58","3,320.41","3,291.60",22.68,3263.658,3264.37,3296.0805,-7.232,-8.794,3.124,59.37028885,40.6298105,96.85124555,53.159,5.097,0.253,1.683,1.426,1.119,58.333,50,73.01116072,43.456,3281.058042
20201106,"3,312.16","3,326.46","3,326.46","3,292.15",23.49,3281.184,3267.786,3298.0845,-3.964,-7.828,7.728,68.82372181,50.02778093,106.4156036,52.402,12.269,12.269,1.235,1.216,0.758,58.333,52.778,79.78917116,42.0485,3286.358208
20201109,"3,373.73","3,329.43","3,380.82","3,329.43",31.02,3310.906,3280.047,3298.8475,3.553,-5.552,18.209,77.83302047,59.29619411,114.9066732,57.301,4.148,4.148,2.339,2.937,2.428,66.667,56.944,172.6801762,41.128,3302.065417
20201110,"3,360.15","3,387.62","3,387.62","3,346.17",27.87,3328.722,3290.63,3298.8675,8.318,-2.778,22.192,80.06942423,66.22060415,107.7670644,55.975,15.458,18.341,1.236,2.309,1.841,66.667,59.722,155.1075295,41.834,3312.743125
20201111,"3,342.20","3,354.02","3,365.84","3,339.04",27.12,3341.674,3297.926,3298.9385,10.525,-0.117,21.285,78.19345142,70.21155324,94.15724779,54.244,25.558,34.02,0.337,1.528,1.139,66.667,62.5,108.0228178,41.8345,3320.125458
20201112,"3,338.68","3,344.46","3,350.28","3,329.49",21.65,3345.384,3304.521,3299.2635,11.854,2.277,19.153,76.28255117,72.23521922,84.37721507,53.903,27.539,50.969,-0.075,1.205,0.947,58.333,62.5,78.15878626,41.645,3321.595042
20201113,"3,310.10","3,327.23","3,327.23","3,291.64",22.79,3344.972,3313.078,3297.9505,10.479,3.918,13.124,66.93524599,70.46856148,59.86861503,51.176,43.622,80.767,-0.88,0.235,0.144,50,61.111,24.97019807,42.505,3317.529292
20201116,"3,346.97","3,325.62","3,346.97","3,313.65",27.96,3339.62,3325.263,3299.6655,12.225,5.579,13.291,67.80777816,69.5816337,64.26006706,54.289,27.142,42.353,0.05,1.162,1.276,50,59.722,59.58825114,41.186,3321.352625
20201117,"3,339.90","3,347.15","3,347.70","3,323.95",28.36,3335.57,3332.146,3300.2555,12.888,7.041,11.695,61.97252558,67.04526433,51.82704807,53.605,35.743,49.719,0.007,0.656,1.063,50,56.944,55.09778796,40.657,3322.59575
20201118,"3,347.30","3,337.33","3,358.89","3,333.99",28.75,3336.59,3339.132,3301.3695,13.852,8.403,10.898,60.64543311,64.91198725,52.11232482,54.235,41.991,24.987,0.293,0.57,1.268,50,54.167,64.7594728,40.503,3327.98425
20201119,"3,363.09","3,339.09","3,367.33","3,330.45",25.33,3341.472,3343.428,3303.899,15.709,9.864,11.689,65.24448614,65.02282022,65.68781799,55.577,25.557,5.602,0.661,0.812,1.711,50,51.389,68.84555968,40.1645,3332.747458
20201120,"3,377.73","3,359.60","3,380.15","3,356.31",26.13,3354.998,3349.985,3308.8855,18.152,11.522,13.261,73.39491408,67.81351817,84.55770589,56.803,10.304,2.734,0.903,0.998,2.07,50,50,102.942617,38.885,3340.863042
20201123,"3,414.49","3,384.10","3,431.65","3,377.99",37.39,3368.502,3354.061,3317.054,22.792,13.776,18.033,78.17785358,71.26829664,91.99696746,59.715,12.256,14.542,1.473,1.858,3.069,50,50,185.2874739,39.011,3354.81975
20201124,"3,402.82","3,407.41","3,413.93","3,396.24",30.1,3381.086,3358.328,3324.479,25.237,16.068,18.338,78.58810695,73.70823341,88.34785402,58.411,20.591,26.769,0.848,1.282,2.616,50,50,155.6620658,38.7835,3364.202667
20201125,"3,362.33","3,417.51","3,423.49","3,362.33",32.21,3384.092,3360.341,3329.1335,23.635,17.581,12.106,69.22182155,72.21276279,63.23993908,54.129,49.511,68.498,-0.463,0.105,1.332,41.667,48.611,79.63717288,39.967,3364.780042
20201126,"3,369.73","3,360.06","3,371.45","3,344.28",25.59,3385.42,3363.446,3333.9835,22.7,18.605,8.19,61.98968894,68.80507151,48.35892382,54.762,44.225,61.186,-0.354,0.301,1.438,50,48.611,9.346617147,38.393,3363.396708
20201127,"3,408.31","3,373.84","3,408.31","3,364.49",28.06,3391.536,3373.267,3343.1725,24.787,19.842,9.891,67.4360229,68.34872197,65.61062475,57.918,19.78,26.714,0.563,1.283,2.397,58.333,50,95.97720605,37.562,3369.412917
20201130,"3,391.76","3,418.16","3,456.74","3,391.76",38.5,3386.99,3377.746,3351.5045,24.82,20.837,7.965,61.13968027,65.94570807,51.52762467,56.164,48.934,57.781,0.006,0.659,1.725,58.333,51.389,122.7495813,39.1665,3375.638833
20201201,"3,451.94","3,388.99","3,457.64","3,386.91",31.62,3396.814,3388.95,3360.548,29.363,22.542,13.641,72.59929205,68.1635694,81.47073735,60.682,4.481,5.028,1.593,2.087,3.294,66.667,54.167,136.0738251,40.04,3389.265958
20201202,"3,449.38","3,453.52","3,465.73","3,435.87",31.28,3414.224,3399.158,3369.145,32.383,24.51,15.746,77.24541797,71.19085226,89.35454941,60.405,12.086,13.462,1.286,1.755,2.991,58.333,55.556,142.8307123,39.9075,3398.91125
20201203,"3,442.14","3,448.54","3,452.16","3,428.80",29.85,3428.706,3407.063,3375.2455,33.803,26.369,14.868,78.35573494,73.57914648,87.90891185,59.604,19.424,19.424,0.68,1.287,2.497,58.333,58.333,109.049008,38.927,3410.090125
20201204,"3,444.58","3,436.73","3,448.40","3,417.05",25.63,3435.96,3413.748,3381.8665,34.725,28.04,13.37,79.76563199,75.64130832,88.01427934,59.792,17.415,20.891,0.386,1.117,2.291,58.333,59.722,88.16152286,38.779,3416.277458
20201207,"3,416.60","3,446.65","3,449.58","3,414.31",25.45,3440.928,3413.959,3384.01,32.82,28.996,7.647,73.02613424,74.76958363,69.53923547,56.645,40.453,62.332,-0.47,0.165,1.278,50,58.333,58.86375391,37.1095,3415.541875
20201208,"3,410.18","3,417.69","3,428.66","3,403.03",22.69,3432.576,3414.695,3386.5115,30.441,29.285,2.311,66.77109375,72.10342034,56.10644058,55.941,45.739,70.477,-0.746,-0.103,0.922,41.667,55.556,20.53688372,36.3185,3414.947458
20201209,"3,371.96","3,416.08","3,422.54","3,371.92",26.07,3417.092,3415.658,3387.9995,25.181,28.464,-6.566,46.97356467,63.72680178,13.46709046,51.927,77.209,99.957,-1.476,-1.12,-0.273,33.333,50,-61.91025176,37.5095,3405.04925
20201210,"3,373.28","3,365.73","3,384.89","3,357.75",24.73,3403.32,3416.013,3389.7295,20.879,26.947,-12.137,36.10980745,54.52113701,-0.712851648,52.051,85.618,83.55,-1.071,-1.01,-0.309,41.667,47.222,-114.0045176,37.827,3398.0855
20201211,"3,347.19","3,381.01","3,383.18","3,325.17",29.86,3383.842,3409.901,3391.584,15.189,24.595,-18.814,29.29517424,46.11248275,-4.339442792,49.422,84.334,82.3,-1.378,-1.739,-1.047,41.667,44.444,-138.0343903,38.3755,3389.028292
20201214,"3,369.12","3,349.53","3,371.13","3,338.63",23.98,3374.346,3407.637,3392.6915,12.307,22.138,-19.662,29.95271149,40.72589233,8.406349811,51.568,68.732,64.673,-0.363,-1.094,-0.41,41.667,41.667,-97.40153278,38.157,3385.911625
20201215,"3,367.23","3,366.58","3,373.56","3,348.42",22.57,3365.756,3399.166,3394.058,9.758,19.662,-19.808,31.00871372,37.48683279,18.05247556,51.372,70.077,59.358,-0.176,-1.05,-0.497,33.333,38.889,-82.20375442,38.2265,3382.836167
20201216,"3,366.98","3,371.26","3,378.66","3,359.17",22.08,3364.76,3390.926,3395.042,7.63,17.255,-19.251,31.87468356,35.61611638,24.39181793,51.345,67.076,57.061,0.03,-0.997,-0.539,33.333,37.5,-72.87019944,37.956,3382.415083
20201217,"3,404.87","3,367.28","3,406.15","3,354.01",27.55,3371.078,3387.199,3397.131,8.898,15.584,-13.371,42.60391385,37.9453822,51.92097713,55.07,35.938,1.581,0.991,0.233,0.463,33.333,37.5,-26.75324744,38.719,3386.307125
20201218,"3,394.90","3,400.49","3,413.81","3,382.75",28.1,3380.62,3382.231,3397.9895,8.995,14.266,-10.542,50.86210612,42.25095684,68.08440468,53.936,43.951,21.333,0.588,0.073,0.11,33.333,36.111,-4.860987046,39.08,3388.593417
20201221,"3,420.57","3,394.39","3,423.61","3,381.12",28.38,3390.91,3382.628,3398.2935,11.016,13.616,-5.2,66.21201224,50.23797531,98.16008609,56.351,7.817,3.577,0.983,0.883,0.767,41.667,36.111,26.38431708,38.5085,3395.743375
20201222,"3,356.78","3,410.97","3,415.75","3,353.86",32.3,3388.82,3377.288,3395.9915,7.386,12.37,-9.969,54.844985,51.7736452,60.98766458,49.608,67.889,88.882,-0.84,-0.784,-1.123,33.333,34.722,-45.91828569,40.9315,3388.817042
20201223,"3,382.32","3,362.47","3,394.21","3,360.20",29.95,3391.888,3378.324,3396.991,6.495,11.195,-9.401,55.91521281,53.15416774,61.43730294,52.007,41.944,59.197,-0.16,0.055,-0.395,41.667,36.111,-28.54590434,39.745,3387.933167
20201224,"3,363.11","3,382.19","3,394.07","3,354.02",27.5,3383.536,3377.307,3396.66,4.19,9.794,-11.208,46.87906789,51.06246779,38.5122681,50.134,61.459,86.738,-0.708,-0.397,-0.942,41.667,37.5,-47.30654218,40.389,3381.920208
20201225,"3,396.56","3,351.79","3,397.01","3,348.35",29.45,3383.868,3382.244,3396.0725,5.005,8.836,-7.663,52.6053561,51.57676389,54.6625405,53.197,31.831,35.942,0.321,0.532,0.065,50,40.278,4.076655276,40.631,3385.254583
20201228,"3,397.29","3,396.36","3,412.52","3,383.65",31.62,3379.212,3385.061,3396.349,5.644,8.198,-5.107,56.74620515,53.29991098,63.6387935,53.262,34.972,34.972,0.33,0.494,0.093,50,43.056,99.82849465,38.8255,3387.171
20201229,"3,379.04","3,399.29","3,407.09","3,376.09",31.18,3383.664,3386.242,3392.704,4.625,7.483,-5.716,51.42368146,52.67450114,48.9220421,51.39,59.221,54.466,-0.004,-0.124,-0.465,50,44.444,46.55321964,36.839,3386.520375
20201230,"3,414.45","3,375.01","3,414.45","3,374.42",29.1,3390.09,3390.989,3390.9575,6.599,7.306,-1.415,63.55874096,56.30258108,78.07106071,54.62,12.171,0,0.757,0.81,0.523,50,47.222,98.97519901,37.3475,3390.921875
20201231,"3,473.07","3,419.73","3,474.92","3,419.73",33.57,3412.082,3397.809,3392.504,12.746,8.394,8.704,75.21861338,62.60792518,100.4399898,59.293,1.462,1.462,2.031,2.275,2.168,58.333,50,262.7733352,39.203,3403.60975
20210104,"3,502.96","3,474.68","3,511.66","3,457.21",38.08,3433.362,3408.615,3395.423,19.802,10.676,18.252,81.7033117,68.97305402,107.1638271,61.408,5.327,5.327,2.21,2.812,2.907,66.667,54.167,260.6356987,40.358,3423.326167
20210105,"3,528.68","3,492.19","3,528.68","3,484.72",40.8,3459.64,3419.426,3401.027,27.156,13.972,26.368,87.8022078,75.24943861,112.9077462,63.127,0,0,2.303,3.254,3.565,66.667,56.944,209.0705832,40.7925,3442.330708
20210106,"3,550.88","3,530.91","3,556.80","3,513.13",37.02,3494.008,3438.836,3408.062,34.379,18.053,32.651,90.92146867,80.47344863,111.8175087,64.55,2.84,3.246,2.188,3.51,4.087,75,61.111,175.2879157,41.6945,3460.222792
20210107,"3,576.20","3,552.91","3,576.20","3,526.62",40.53,3526.358,3458.224,3418.274,41.666,22.776,37.78,93.94764578,84.96484768,111.913242,66.107,0,0,1.953,3.855,4.658,75,65.278,149.260987,41.6425,3480.336417
20210108,"3,570.11","3,577.69","3,588.06","3,544.89",34.56,3545.766,3478.924,3428.1155,46.414,27.503,37.822,93.16443564,87.69804367,104.0972196,65.386,7.488,10.664,1.032,3.146,4.32,75,69.444,124.8883926,42.444,3497.1795
20210111,"3,531.50","3,571.32","3,597.70","3,516.99",36.25,3551.474,3492.418,3437.331,46.526,31.308,30.436,85.55999997,86.98536243,82.70927504,60.989,29.649,47.121,-0.336,1.665,3.048,66.667,70.833,88.89076864,43.579,3503.410875
20210112,"3,608.34","3,518.01","3,608.34","3,517.47",32.34,3567.406,3513.523,3449.292,52.213,35.489,33.448,90.37333331,88.11468606,94.89062782,65.77,0,0,1.331,3.27,5.037,75,72.222,98.77803999,46.4975,3518.57925
20210113,"3,598.65","3,613.28","3,622.35","3,575.59",38.81,3576.96,3535.484,3460.863,55.3,39.451,31.698,89.68329811,88.63755674,91.77478085,64.726,9.559,21.699,0.729,2.498,4.468,66.667,72.222,102.6555992,47.5785,3530.975958
20210114,"3,565.90","3,584.93","3,599.06","3,559.60",34.77,3574.9,3550.629,3470.809,54.476,42.456,24.04,81.72782629,86.33431326,72.51485235,61.295,27.86,53.578,-0.258,1.161,3.276,58.333,69.444,72.37654958,48.577,3540.467667
20210115,"3,566.38","3,566.28","3,589.27","3,533.79",32.46,3574.154,3559.96,3478.8845,53.249,44.615,17.268,74.26288228,82.31050293,58.16764097,61.326,33.892,53.123,-0.199,0.728,3.018,66.667,68.056,54.62274067,48.744,3542.483625
20210118,"3,596.22","3,554.80","3,608.77","3,544.26",30.17,3587.098,3569.286,3488.9505,54.06,46.504,15.113,74.86719162,79.82939916,64.94277653,63.257,18.986,24.801,0.514,1.138,3.596,66.667,66.667,70.01858983,50.4165,3549.672417
20210119,"3,566.38","3,596.36","3,603.15","3,553.02",32.34,3578.706,3573.056,3496.241,51.699,47.543,8.313,65.53725202,75.06535011,46.48105583,60.125,51.245,53.366,-0.482,0.08,2.492,58.333,65.278,55.08164303,50.7985,3554.932333
20210120,"3,583.09","3,564.12","3,589.96","3,556.44",27.23,3575.594,3576.277,3507.5565,50.594,48.153,4.881,64.60392858,71.5782096,50.65536653,61.246,37.263,44.332,0.102,0.361,2.706,58.333,62.5,54.92778121,49.139,3559.771
20210121,"3,621.26","3,590.92","3,636.24","3,585.80",32.75,3586.666,3580.783,3519.5035,52.196,48.962,6.468,72.21533743,71.79058554,73.0648412,63.68,12.562,14.622,1.062,1.212,3.533,58.333,61.111,147.3226299,49.925,3567.71525
20210122,"3,606.75","3,616.54","3,616.54","3,585.03",32.45,3594.74,3584.447,3531.6855,51.699,49.509,4.379,73.20039082,72.26052064,75.08013119,62.132,24.73,28.785,0.466,0.675,2.858,50,59.722,110.5511206,49.734,3576.990958
20210125,"3,624.24","3,605.36","3,637.10","3,591.02",32.73,3600.344,3593.721,3543.0695,52.115,50.03,4.17,77.98426984,74.16843704,85.61593544,63.256,10.75,13.852,0.683,1.05,3.108,50,56.944,146.5793162,49.605,3586.677792
20210126,"3,569.43","3,610.97","3,610.97","3,564.74",27.81,3600.954,3589.83,3551.6765,47.475,49.519,-4.088,63.48888405,70.60858604,49.24948007,57.661,65.502,80.483,-0.717,-0.476,1.293,50,54.167,0.868468688,51.1365,3583.379958
20210127,"3,573.34","3,567.55","3,578.80","3,546.49",26.41,3599.004,3587.299,3561.3915,43.611,48.338,-9.453,55.08686872,65.43468027,34.39124563,57.938,61.717,70.368,-0.64,-0.464,1.175,58.333,54.167,-68.94435112,51.202,3584.186208
20210128,"3,505.18","3,534.67","3,549.54","3,496.88",27.09,3575.788,3581.227,3565.928,34.649,45.6,-21.902,38.69766905,56.5223432,3.048320768,51.778,94.081,94.081,-2.182,-2.128,-0.921,50,52.778,-222.8515879,53.0235,3570.00325
20210129,"3,483.07","3,521.72","3,531.60","3,446.55",29.37,3551.052,3572.896,3566.428,25.469,41.574,-32.209,32.18697048,48.41055229,-0.260193137,49.98,80.834,80.834,-2.17,-2.483,-1.646,50,51.389,-249.9448679,54.2525,3554.76575
20210201,"3,505.28","3,477.17","3,506.39","3,469.88",27.76,3527.26,3563.802,3566.544,19.758,37.211,-34.905,31.73174924,42.85095127,9.493345162,51.737,69.179,69.179,-1.076,-1.723,-1.144,58.333,52.778,-162.9018316,53.3555,3543.63225
20210202,"3,533.68","3,510.81","3,535.50","3,495.57",26.45,3520.11,3560.532,3566.794,17.324,33.233,-31.818,36.39634328,40.69941527,27.79019928,53.898,54.274,47.008,0.152,-0.851,-0.524,58.333,54.167,-82.87388969,53.154,3541.615167
20210203,"3,517.31","3,531.15","3,544.01","3,508.51",29.74,3508.904,3553.954,3565.1155,13.914,29.37,-30.911,36.6424323,39.34708762,31.23312166,52.485,62.865,46.495,-0.066,-1.127,-1.104,50,54.167,-66.01353672,52.7455,3540.23325
20210204,"3,501.86","3,503.78","3,524.72","3,465.77",29.88,3508.24,3542.014,3561.3985,9.851,25.466,-31.229,34.10378894,37.59932139,27.11272404,51.163,70.973,46.296,-0.167,-1.413,-1.572,50,52.778,-93.04653534,53.214,3534.6965
20210205,"3,496.33","3,509.49","3,536.54","3,492.96",29.01,3510.892,3530.972,3557.7095,6.115,21.596,-30.962,32.8279,36.00884759,26.46600482,50.686,73.876,48.923,-0.283,-1.368,-1.72,41.667,51.389,-64.10446597,53.2345,3528.4855
20210208,"3,532.45","3,504.56","3,542.21","3,492.13",24.98,3516.326,3521.793,3557.757,5.999,18.476,-24.955,43.53618034,38.51795851,53.57262401,53.631,47.756,14.775,0.511,-0.14,-0.709,41.667,50,-36.76984441,51.703,3529.966333
20210209,"3,603.49","3,539.77","3,604.01","3,528.68",25.38,3530.288,3525.199,3557.5145,11.507,17.082,-11.151,62.24737269,46.42776324,93.88659161,58.692,0.33,0.376,2.057,1.876,1.226,50,48.611,53.93695834,50.926,3542.399042
20210210,"3,655.09","3,612.61","3,662.77","3,612.50",25.79,3557.844,3533.374,3560.3365,19.807,17.627,4.36,73.64760252,55.501043,109.9407216,61.849,3.552,3.898,2.929,3.26,2.581,50,47.222,146.3315327,51.552,3562.036
20210218,"3,675.36","3,721.09","3,731.69","3,663.66",34.03,3592.544,3550.392,3565.8095,27.702,19.642,16.119,75.37071415,62.12426672,101.863609,63.007,19.755,21.183,2.737,3.574,3.023,58.333,48.611,178.8564147,53.409,3584.105708
20210219,"3,696.17","3,661.78","3,699.65","3,634.01",36.11,3632.512,3571.702,3572.299,35.231,22.76,24.942,79.12800919,67.79218088,101.7996658,64.173,13.357,14.827,2.392,3.861,3.407,58.333,50,142.0445586,53.917,3604.106625
20210222,"3,642.44","3,707.19","3,717.27","3,642.44",48.88,3654.51,3585.418,3574.61,36.443,25.496,21.892,74.89776425,70.16070867,84.37187542,59.151,33.563,37.256,0.228,2.023,1.863,58.333,52.778,109.9288383,54.433,3612.577708
20210223,"3,636.36","3,617.70","3,672.15","3,617.70",39.89,3661.084,3595.686,3578.109,36.491,27.695,17.592,71.31546698,70.54562811,72.85514474,58.61,35.849,46.958,-0.414,1.49,1.649,58.333,55.556,70.35851414,54.649,3617.725583
20210224,"3,564.08","3,638.94","3,645.65","3,531.59",36.22,3642.882,3600.363,3577.1585,30.348,28.226,4.244,57.55505446,66.21543689,40.2342896,52.632,63.03,83.763,-2.218,-0.663,-0.37,50,55.556,6.713667142,58.676,3606.063375
20210225,"3,585.05","3,595.54","3,608.56","3,568.47",36.62,3624.82,3608.682,3575.348,26.862,27.953,-2.183,51.29929551,61.24338976,31.41110699,54.051,61.212,73.283,-1.326,-0.198,0.195,50,55.556,7.097377346,58.2425,3598.980125
20210226,"3,509.08","3,514.56","3,550.41","3,500.70",33.33,3587.402,3609.957,3570.4645,17.764,25.915,-16.303,35.4088179,52.63186581,0.962722074,48.554,92.925,96.131,-2.675,-2.294,-1.829,50,54.167,-71.4039593,60.6485,3580.052792
20210301,"3,551.40","3,531.48","3,552.57","3,511.99",31.55,3569.194,3611.852,3566.8225,13.809,23.494,-19.369,30.92221264,45.39531475,1.976008412,51.425,78.051,76.59,-0.838,-1.23,-0.627,58.333,54.167,-52.57854305,60.519,3573.085625
20210302,"3,508.59","3,566.85","3,566.85","3,485.36",33.98,3543.64,3602.362,3563.7805,7.139,20.223,-26.168,23.75828804,38.18297251,-5.091080909,48.564,90.57,87.564,-1.419,-2.448,-1.74,58.333,54.167,-73.39342453,61.6185,3560.631792
20210303,"3,576.90","3,500.16","3,577.62","3,498.72",34.77,3546.204,3594.543,3563.9585,7.28,17.634,-20.708,28.99626171,35.12073558,16.74731397,52.925,62.838,42.891,0.781,-0.651,0.225,58.333,54.167,-44.748635,63.948,3564.7765
20210304,"3,503.49","3,546.64","3,552.20","3,487.38",39.36,3529.892,3577.356,3563.874,1.452,14.398,-25.891,21.9367371,30.72606942,4.358072472,48.33,92.182,85.284,-1.006,-2.464,-1.714,50,54.167,-90.66462339,64.601,3556.154958
20210305,"3,501.99","3,463.31","3,523.57","3,456.67",35.64,3528.474,3557.938,3564.82,-3.25,10.868,-28.237,21.63519619,27.69577834,9.514031873,48.241,82.609,62.53,-0.66,-2.158,-1.615,41.667,52.778,-109.8402992,63.6935,3549.191042
20210308,"3,421.41","3,524.98","3,542.30","3,421.22",38.7,3502.476,3535.835,3560.6265,-13.325,6.03,-38.71,14.45168376,23.28108015,-3.207109012,43.713,99.924,99.879,-2.541,-3.841,-3.712,33.333,50,-122.0541098,67.922,3526.241625
20210309,"3,359.29","3,415.34","3,429.15","3,328.31",40.77,3472.616,3508.128,3551.907,-26.023,-0.381,-51.283,13.31926107,19.96047379,0.036835642,40.644,90.238,87.574,-3.43,-4.836,-5.222,25,44.444,-175.7128031,70.9675,3497.022167
20210310,"3,357.74","3,389.84","3,397.03","3,354.82",29.97,3428.784,3487.494,3543.9285,-35.798,-7.464,-56.667,12.8143676,17.57843839,3.286226006,40.57,89.499,88.195,-2.772,-4.236,-5.102,25,38.889,-155.9267194,71.303,3470.790042
20210311,"3,436.83","3,369.90","3,436.83","3,369.90",32.21,3415.452,3472.672,3540.677,-36.739,-13.319,-46.84,23.05229095,19.40305591,30.35076103,45.832,56.472,51.53,0.195,-1.514,-2.813,33.333,34.722,-100.7028089,72.31,3461.269042
20210312,"3,453.08","3,447.20","3,454.51","3,417.24",35.8,3405.67,3467.072,3538.5145,-35.762,-17.808,-35.908,32.0502364,23.61878274,48.91314373,46.841,49.954,41.694,0.916,-0.785,-2.294,41.667,33.333,-61.22193329,71.9945,3464.131333
20210315,"3,419.95","3,441.88","3,457.49","3,392.51",36.78,3405.378,3453.927,3532.8895,-37.231,-21.692,-31.078,33.61930779,26.95229109,46.95334119,45.055,63.243,57.176,0.349,-1.347,-3.101,33.333,31.944,-67.44040582,72.7395,3461.051333
20210316,"3,446.73","3,424.65","3,448.88","3,406.17",31.67,3422.866,3447.741,3525.0515,-35.822,-24.518,-22.607,40.04355359,31.31604526,57.49857026,46.767,52.501,8.329,1.01,-0.425,-2.261,41.667,33.333,-46.82367618,71.1085,3459.672875
20210317,"3,445.55","3,435.73","3,454.06","3,410.28",28.01,3440.428,3434.606,3514.5745,-34.404,-26.495,-15.817,44.95823803,35.86344285,63.14782839,46.7,47.635,11.629,0.552,-0.205,-2.229,33.333,34.722,-35.51770588,70.3335,3457.815083
20210318,"3,463.07","3,449.64","3,478.14","3,449.38",28.44,3445.676,3430.564,3503.96,-31.503,-27.497,-8.012,50.96379381,40.89689317,71.09759509,47.856,37.025,13.923,0.548,0.413,-1.694,41.667,37.5,5.494754759,68.133,3462.195208
20210319,"3,404.66","3,423.87","3,439.52","3,389.29",30.92,3435.992,3420.831,3489.3845,-33.531,-28.704,-9.654,50.96177991,44.25185542,64.3816289,44.499,64.321,82.701,-0.994,-0.868,-3.205,33.333,37.5,-61.04653306,68.54,3450.11675
20210322,"3,443.44","3,406.12","3,443.66","3,404.23",31.26,3440.69,3423.034,3479.4345,-31.644,-29.292,-4.704,57.92846091,48.81072391,76.1639349,47.071,23.16,39.055,0.181,0.407,-1.917,41.667,37.5,-24.283046,66.77,3445.800708
20210323,"3,411.51","3,445.34","3,445.42","3,390.05",32.64,3433.646,3428.256,3468.192,-32.352,-29.904,-4.896,51.43309072,49.68484618,54.92957979,45.269,54.03,74.992,-0.708,-0.305,-2.545,41.667,38.889,-42.91569908,66.816,3436.45675
20210324,"3,367.06","3,394.13","3,415.29","3,362.18",31.74,3417.948,3429.188,3458.341,-36.084,-31.14,-9.888,35.69150971,45.02040069,17.03372775,42.884,95.792,95.792,-1.621,-1.473,-3.46,41.667,38.889,-108.6766302,63.7685,3426.408792
20210325,"3,363.59","3,355.07","3,382.23","3,344.97",27.07,3398.052,3421.864,3447.268,-38.873,-32.686,-12.374,28.45504918,39.49861685,6.367913825,42.701,86.018,86.018,-1.329,-1.585,-3.175,41.667,40.278,-134.1087196,63.4075,3413.660958
20210326,"3,418.33","3,373.32","3,423.22","3,373.32",27.46,3400.786,3418.389,3442.7305,-36.249,-33.399,-5.7,37.33252684,38.77658685,34.44440682,46.467,44.913,26.969,0.497,-0.131,-1.334,50,41.667,-18.73283515,62.1715,3412.493042
20210329,"3,435.30","3,429.63","3,449.83","3,409.89",28.48,3399.158,3419.924,3436.9255,-32.426,-33.204,1.556,47.49854872,41.68390747,59.12783121,47.581,32.169,13.857,0.844,0.368,-0.604,50,44.444,49.14035868,61.994,3417.97325
20210330,"3,456.68","3,432.53","3,457.63","3,423.32",28.54,3408.192,3420.919,3434.33,-27.356,-32.035,9.357,59.62745229,47.66508908,83.55217872,48.977,16.115,0.843,1.406,0.984,0.144,50,45.833,83.97935521,59.635,3425.708542
20210331,"3,441.91","3,452.21","3,452.21","3,420.83",28.3,3423.162,3420.555,3427.5805,-24.25,-30.478,12.455,68.4338054,54.58799452,96.12542717,48.055,27.206,13.953,0.823,0.499,-0.111,50,47.222,51.6742504,57.4825,3427.710333
20210401,"3,466.33","3,444.81","3,470.03","3,438.83",27.52,3443.71,3420.881,3425.7225,-19.593,-28.301,17.417,77.96967698,62.38188867,109.1452536,49.69,2.959,2.959,1.049,1.164,0.65,50,48.611,109.9502863,54.5665,3434.37625
20210402,"3,484.39","3,472.63","3,487.59","3,462.83",26.27,3456.922,3428.854,3424.8425,-14.279,-25.497,22.434,84.56520979,69.77632905,114.1429713,50.883,2.244,2.8,0.982,1.595,1.256,58.333,51.389,142.8116568,52.4595,3442.307917
20210406,"3,482.97","3,491.63","3,493.28","3,471.76",23.47,3466.456,3432.807,3427.9205,-10.067,-22.411,24.687,87.39292142,75.6485265,110.8817113,50.784,6.952,12.364,0.627,1.504,1.246,50,51.389,130.6095028,47.4815,3449.607
20210407,"3,479.63","3,483.42","3,483.42","3,453.19",29.58,3471.046,3439.619,3433.9375,-6.919,-19.312,24.787,88.52738263,79.94147854,105.6991908,50.543,9.204,18.841,0.317,1.223,1.269,50,51.389,88.46552208,43.951,3455.628542
20210408,"3,482.55","3,467.49","3,495.91","3,459.32",33.18,3479.174,3451.168,3440.178,-4.14,-16.278,24.275,88.71888319,82.86728009,100.4220894,50.757,8.851,17.794,0.276,1.212,1.379,50,51.389,98.71168037,43.67,3458.928042
20210409,"3,450.68","3,475.44","3,475.45","3,442.14",28.01,3476.044,3459.877,3440.8705,-4.458,-13.914,18.911,74.95232374,80.22896131,64.3990486,48.382,36.895,79.24,-0.683,0.191,0.514,50,51.389,40.42117003,41.736,3457.591792
20210412,"3,412.95","3,445.97","3,456.16","3,403.90",30.96,3461.756,3459.339,3438.864,-7.667,-12.665,9.996,53.24684496,71.23492253,17.27068983,45.739,90.164,90.164,-1.517,-1.015,-0.575,50,51.389,-30.97993471,42.4855,3450.265375
20210413,"3,396.47","3,411.29","3,425.39","3,387.90",27.06,3444.456,3455.456,3437.69,-11.408,-12.413,2.011,38.14271348,60.20418618,-5.980231918,44.627,92.066,92.066,-1.577,-1.571,-1.099,50,50,-74.06702446,41.111,3439.820208
20210414,"3,416.72","3,397.02","3,420.03","3,392.98",23.32,3431.874,3451.46,3436.1895,-12.593,-12.449,-0.288,34.32271384,51.57702873,-0.185915942,46.3,73.317,73.317,-0.672,-0.98,-0.581,50,50,-68.91018098,40.328,3433.821125
20210415,"3,398.99","3,409.61","3,409.61","3,373.09",23.4,3415.162,3447.168,3433.8615,-14.793,-12.918,-3.75,29.91106613,44.3550412,1.023116004,45.056,78.912,78.912,-0.8,-1.408,-1.051,41.667,48.611,-120.9269876,40.3205,3427.959333
20210416,"3,426.62","3,407.19","3,432.63","3,394.13",25.86,3410.35,3443.197,3432.039,-14.144,-13.163,-1.961,34.46874636,41.05960959,21.28701992,47.356,56.416,47.704,0.279,-0.534,-0.215,41.667,47.222,-64.63973947,40.616,3427.059542
20210419,"3,477.55","3,427.55","3,479.01","3,414.36",30.27,3423.27,3442.513,3435.6835,-9.411,-12.413,6.003,51.32959577,44.48293831,65.02291068,51.278,14.949,1.378,1.637,0.857,1.197,50,47.222,33.99794249,40.1595,3434.901917
20210420,"3,472.94","3,467.15","3,494.30","3,463.46",28.53,3438.564,3441.51,3437.1585,-5.964,-11.123,10.319,61.31900859,50.09496174,83.76710229,50.92,18.702,17.622,1.206,0.708,1.031,41.667,45.833,75.06039856,39.73,3444.070458
20210421,"3,472.93","3,456.30","3,481.25","3,450.11",25.38,3449.806,3440.84,3440.2295,-3.195,-9.537,12.684,68.33581955,56.17524768,92.65696329,50.919,18.71,17.631,0.831,0.735,0.997,33.333,43.056,47.58745407,38.5185,3451.644458
20210422,"3,465.11","3,482.83","3,485.36","3,456.32",25.11,3463.03,3439.096,3445.132,-1.614,-7.953,12.677,70.86315589,61.07121708,90.4470335,50.27,24.082,24.082,0.369,0.552,0.767,33.333,40.278,46.86935596,37.315,3453.477583
20210423,"3,474.17","3,462.09","3,482.36","3,456.33",24.94,3472.54,3441.445,3450.661,0.366,-6.289,13.31,75.03959038,65.72734151,93.66408811,51.025,16.608,20.096,0.268,0.828,0.946,41.667,40.278,53.62232252,36.7535,3457.981083
20210426,"3,441.17","3,484.11","3,497.12","3,438.57",27.7,3465.264,3444.267,3451.803,-0.719,-5.175,8.912,68.32304225,66.59257509,71.78397656,48.243,45.11,67.605,-0.754,-0.03,-0.01,33.333,38.889,30.15719487,36.6995,3455.364083
20210427,"3,442.61","3,440.09","3,443.85","3,417.26",25.3,3459.198,3448.881,3452.1685,-1.446,-4.429,5.966,64.23234664,65.80583227,61.08537536,48.371,43.949,68.257,-0.545,0.032,-0.006,41.667,37.5,-24.90029012,36.032,3451.9565
20210428,"3,457.07","3,432.16","3,457.07","3,423.32",24.74,3456.026,3452.916,3452.188,-0.846,-3.713,5.733,63.19247422,64.93471292,59.70799682,49.677,32.291,50.15,-0.051,0.345,0.305,50,38.889,10.93970659,36.004,3450.794292
20210429,"3,474.90","3,458.08","3,478.23","3,447.59",27.66,3457.984,3460.507,3453.8375,1.056,-2.759,7.63,66.51207642,65.46050075,68.61522775,51.263,21.575,27.824,0.455,0.671,0.687,58.333,43.056,65.69016177,35.7435,3455.733542
20210430,"3,446.86","3,468.30","3,469.09","3,426.90",31.27,3452.522,3462.531,3452.864,0.298,-2.148,4.89,56.69633878,62.53911343,45.01078949,48.742,60.73,62.935,-0.268,-0.214,-0.16,50,45.833,9.464536732,36.5835,3455.711833
20210506,"3,441.28","3,446.07","3,471.24","3,426.85",31.04,3452.544,3458.904,3450.7085,-0.745,-1.867,2.244,47.82343781,57.63388822,28.20253698,48.249,69.922,69.922,-0.271,-0.477,-0.329,50,47.222,-3.280391052,37.565,3453.36775
20210507,"3,418.87","3,446.41","3,457.89","3,416.78",35.38,3447.796,3453.497,3447.5035,-3.341,-2.162,-2.359,32.74943983,49.33907209,-0.4298247,46.289,97.399,96.599,-0.814,-1.106,-0.933,41.667,48.611,-66.17496306,38.5445,3446.806708
20210510,"3,427.99","3,423.59","3,429.74","3,401.93",37.42,3441.98,3449.003,3444.9215,-4.61,-2.652,-3.917,30.95856832,43.2122375,6.451229952,47.2,72.623,65.845,-0.479,-0.724,-0.652,41.667,48.611,-128.5360588,38.4235,3442.947042
20210511,"3,441.85","3,406.60","3,448.10","3,384.70",35.09,3435.37,3446.677,3442.8865,-4.446,-3.01,-2.87,37.58442893,41.33630131,30.08068417,48.583,49.164,38.897,-0.003,-0.248,-0.221,50,48.611,-113.4434746,39.764,3441.203917
20210512,"3,462.75","3,429.75","3,466.37","3,428.39",31.14,3438.548,3445.535,3443.49,-2.599,-2.928,0.658,52.87267285,45.18175849,68.25450157,50.618,30.573,9.81,0.663,0.383,0.411,58.333,48.611,6.699244038,39.6425,3444.293125
20210513,"3,429.54","3,432.14","3,448.02","3,418.38",31.93,3436.2,3444.372,3444.3195,-3.772,-3.097,-1.35,51.22906085,47.19752594,59.29213066,47.501,52.058,48.186,-0.218,-0.495,-0.488,58.333,50,-73.86503067,39.248,3443.166958
20210514,"3,490.38","3,436.09","3,490.64","3,422.56",33.7,3450.502,3449.149,3449.015,0.206,-2.436,5.284,67.40423325,53.93309505,94.34650967,53.031,0.245,0.245,1.311,1.231,1.265,58.333,51.389,94.21749031,40.7775,3450.768542
20210517,"3,517.62","3,490.41","3,530.51","3,490.14",32.21,3468.428,3455.204,3454.06,5.493,-0.85,12.686,75.32273164,61.06297391,103.8422471,55.234,8.84,8.84,1.616,1.833,2.012,66.667,55.556,231.6539516,41.4435,3462.309583
20210518,"3,529.01","3,520.65","3,529.01","3,510.86",27.13,3485.86,3460.615,3460.561,10.481,1.416,18.13,83.20557575,68.44384119,112.7290449,56.132,1.029,1.029,1.451,1.95,2.245,66.667,59.722,203.908923,40.1695,3478.233167
20210519,"3,510.96","3,521.11","3,521.11","3,503.82",27.83,3495.502,3467.025,3464.778,12.83,3.699,18.262,84.33443065,73.74070435,105.5218833,54.33,13.408,17.435,0.599,1.297,1.602,58.333,61.111,131.2325056,39.504,3485.004708
20210520,"3,506.94","3,500.88","3,517.74","3,486.07",32.6,3510.982,3473.591,3466.2475,14.203,5.799,16.807,84.1679964,77.21646836,98.07105248,53.928,16.165,21.02,0.273,1.103,1.351,50,59.722,91.15932388,37.855,3486.990833
20210521,"3,486.56","3,510.84","3,518.38","3,479.67",28.38,3510.218,3480.36,3466.9285,13.491,7.338,12.307,79.39800908,77.9436486,82.30673003,51.895,30.142,40.713,-0.58,0.42,0.677,50,58.333,61.41017423,38.2485,3486.8265
20210524,"3,497.28","3,486.27","3,498.30","3,469.87",28.95,3506.15,3487.289,3468.146,13.635,8.597,10.076,76.38692445,77.42474055,74.31129225,52.87,22.79,54.799,-0.307,0.594,0.867,58.333,58.333,41.84220388,38.113,3487.445042
20210525,"3,581.34","3,502.54","3,584.58","3,502.44",34.12,3516.616,3501.238,3473.9575,20.298,10.937,18.721,83.60813014,79.48587041,91.85264959,59.575,1.949,2.825,1.781,2.612,3.1,66.667,58.333,144.7315607,41.026,3501.137708
20210526,"3,593.36","3,586.84","3,603.49","3,585.37",34.2,3533.096,3514.299,3479.917,26.246,13.999,24.494,87.2058033,82.05918138,97.49904714,60.416,5.472,7.581,1.812,2.551,3.303,66.667,58.333,171.911475,40.832,3517.654042
20210527,"3,608.85","3,585.73","3,626.36","3,579.26",30.96,3553.478,3532.23,3488.301,31.842,17.568,28.549,87.74079774,83.9530535,95.31628623,61.492,8.592,11.189,1.78,2.586,3.579,66.667,59.722,157.7445884,40.2595,3536.605458
20210528,"3,600.78","3,610.77","3,622.18","3,582.36",34.92,3576.322,3543.27,3496.2095,35.221,21.098,28.244,86.37850103,84.76153601,89.61243107,60.596,16.346,16.346,1.107,2.023,3.19,58.333,61.111,130.75735,40.921,3546.988208
20210531,"3,615.48","3,600.07","3,615.66","3,580.65",33.15,3599.962,3553.056,3504.13,38.639,24.606,28.064,88.60149371,86.04152191,93.72143731,61.658,6.953,6.953,0.911,1.992,3.425,66.667,63.889,109.6760957,40.984,3560.057083
20210601,"3,624.71","3,608.60","3,626.07","3,581.91",35.28,3608.636,3562.626,3511.6205,41.612,28.008,27.21,92.04953565,88.04419316,100.0602206,62.323,1.054,1.332,0.572,1.93,3.504,66.667,65.278,98.33635152,41.66,3571.3595
20210602,"3,597.14","3,626.33","3,629.29","3,584.60",34.86,3609.392,3571.244,3519.1345,41.269,30.66,21.218,87.97740548,88.0219306,87.88835525,59.126,20.167,64.261,-0.266,0.967,2.526,58.333,63.889,76.66311609,41.4945,3575.249667
20210603,"3,584.21","3,595.42","3,618.51","3,584.21",35.42,3604.464,3578.971,3526.281,39.498,32.427,14.141,82.55910167,86.20098762,75.27532976,57.678,28.278,90.106,-0.582,0.474,1.986,50,61.111,56.98557165,40.99,3575.199208
20210604,"3,591.84","3,565.47","3,618.80","3,561.89",33.09,3602.676,3589.499,3534.9295,38.269,33.596,9.346,78.53171487,83.64456337,68.30601787,58.307,23.491,55.564,-0.292,0.498,2.04,58.333,59.722,43.02595756,41.78,3575.598417
20210607,"3,599.54","3,597.14","3,600.38","3,581.90",30.37,3599.488,3599.725,3543.507,37.484,34.373,6.221,70.97465462,79.42126045,54.08144295,58.949,23.453,44.139,-0.073,0.496,2.108,66.667,61.111,42.03336648,41.3135,3579.820292
20210608,"3,580.11","3,598.75","3,621.52","3,563.25",30.45,3590.568,3599.602,3550.42,34.892,34.477,0.83,56.32731673,71.72327921,25.53539177,56.652,72.967,72.967,-0.449,-0.263,1.398,66.667,61.111,27.19102428,41.057,3581.682083
20210609,"3,591.40","3,576.80","3,598.71","3,572.64",29.83,3589.42,3599.406,3556.8525,33.364,34.255,-1.78,52.14600542,65.19752128,26.04297369,57.652,56.217,56.217,0.019,-0.167,1.537,66.667,61.111,18.58773634,40.4615,3583.826458
20210610,"3,610.86","3,587.53","3,624.34","3,584.13",31.82,3594.75,3599.607,3565.9185,33.34,34.072,-1.464,58.98259906,63.12588054,50.6960361,59.341,27.344,21.585,0.497,0.306,1.857,66.667,62.5,67.28000967,40.2535,3588.222958
20210611,"3,589.75","3,614.11","3,614.40","3,587.15",36.06,3594.332,3598.504,3570.887,31.256,33.509,-4.505,53.1001699,59.78397699,39.73255571,56.779,58.665,55.388,-0.116,-0.272,1.07,58.333,63.889,13.18130307,38.212,3590.424042
20210615,"3,556.56","3,587.47","3,592.95","3,547.19",34.92,3585.736,3592.612,3572.834,26.62,32.131,-11.021,39.20441696,52.92412365,11.76500358,53.023,88.587,87.855,-0.877,-1.075,0.001,50,62.5,-252.3829242,38.4815,3585.448083
20210616,"3,518.33","3,556.71","3,561.09","3,513.56",31.26,3573.38,3581.974,3572.3,19.635,29.632,-19.994,27.5715551,44.47326747,-6.231869634,49.117,95.878,95.694,-1.571,-1.951,-1.139,50,59.722,-299.2907658,39.9505,3572.502292
20210617,"3,525.60","3,508.32","3,534.20","3,507.35",27.72,3560.22,3574.82,3573.032,14.518,26.609,-24.182,23.58091137,37.50914877,-4.275563434,49.85,84.4,84.4,-1.117,-1.543,-1.046,50,56.944,-213.9379363,40.0335,3563.195708
20210618,"3,525.10","3,520.50","3,535.62","3,503.18",29.67,3543.068,3568.909,3573.94,10.304,23.348,-26.088,21.75120073,32.25649942,0.740603354,49.799,81.908,81.908,-0.823,-1.328,-1.1,41.667,52.778,-152.4712483,40.072,3555.963333
20210621,"3,529.18","3,515.50","3,540.30","3,504.01",28.09,3530.954,3562.643,3576.071,7.211,20.121,-25.82,21.65387631,28.72229172,7.517045497,50.236,78.541,76.623,-0.327,-1.057,-0.999,50,50,-112.4427032,39.951,3552.581083
20210622,"3,557.41","3,539.79","3,560.19","3,536.81",30.75,3531.124,3558.43,3579.0775,6.957,17.488,-21.062,29.355583,28.93338881,30.19997137,53.183,55.241,39.59,0.624,-0.203,-0.24,58.333,50,-42.41273671,40.08,3554.077708
20210623,"3,566.22","3,559.40","3,577.47","3,549.85",31.07,3540.702,3557.041,3578.3215,7.381,15.466,-16.171,36.91384635,31.59354132,47.55445641,54.068,47.97,15.143,0.827,0.104,-0.058,58.333,51.389,-6.573645047,37.096,3557.184125
20210624,"3,566.65","3,568.58","3,570.49","3,548.82",33.54,3548.912,3554.566,3576.986,7.664,13.906,-12.484,43.63158899,35.60622388,59.68231921,54.113,47.615,14.565,0.61,0.193,-0.115,58.333,52.778,-7.392142776,37.072,3561.300875
20210625,"3,607.56","3,567.38","3,614.30","3,564.52",34.61,3565.404,3554.236,3576.9215,11.062,13.337,-4.551,60.39922107,43.87055628,93.45655067,58.115,6.15,6.066,1.373,1.278,0.888,66.667,55.556,79.29422522,37.206,3569.450792
20210628,"3,606.37","3,612.25","3,614.36","3,594.22",32.13,3580.842,3555.898,3577.201,13.503,13.37,0.265,71.20396593,52.98169283,107.6485121,57.961,7.187,7.241,0.956,1.209,0.727,58.333,58.333,98.87410933,36.222,3576.564625
20210629,"3,573.18","3,601.68","3,601.83","3,570.53",30.61,3583.996,3557.56,3575.086,12.614,13.219,-1.21,68.45629869,58.13989478,89.0891065,53.825,37.039,53.101,-0.178,0.366,-0.191,50,58.333,42.32564424,36.2635,3577.628375
20210630,"3,591.20","3,572.62","3,594.12","3,569.50",26.82,3588.992,3564.847,3573.4105,13.211,13.217,-0.013,72.02717088,62.76898682,90.54353902,55.619,20.831,35.337,0.167,0.868,0.315,58.333,58.333,51.16540923,35.2865,3577.284292
20210701,"3,588.78","3,600.55","3,607.70","3,573.94",29.19,3593.418,3571.165,3572.9925,13.335,13.241,0.189,73.62451779,66.38749714,88.09855909,55.318,23.008,39.03,-0.005,0.725,0.271,58.333,58.333,70.74491812,34.74,3577.325208
20210702,"3,518.76","3,569.89","3,569.89","3,514.34",29.19,3575.658,3570.531,3569.72,7.695,12.132,-8.873,50.55605059,61.11034829,29.44745518,47.544,86.633,95.581,-1.737,-1.242,-1.591,58.333,58.333,-68.3133577,36.747,3569.985625
20210705,"3,534.32","3,516.92","3,534.32","3,510.58",28.81,3561.248,3571.045,3566.844,4.43,10.591,-12.323,41.32913811,54.51661156,14.95419121,49.2,77.125,77.125,-0.965,-0.825,-1.063,58.333,56.944,-76.16431164,35.0885,3561.656625
20210706,"3,530.26","3,533.13","3,538.35","3,496.93",31.41,3552.664,3568.33,3563.38,1.497,8.772,-14.551,37.0137142,48.68231244,13.67651772,48.781,71.617,69.911,-0.726,-0.951,-1.067,58.333,56.944,-83.8930571,36.2355,3552.850208
20210707,"3,553.72","3,508.59","3,557.88","3,504.47",31.88,3545.168,3567.08,3562.0605,1.053,7.229,-12.35,40.79605132,46.05355873,30.28103648,51.283,51.639,48.732,0.025,-0.35,-0.359,58.333,58.333,-47.58255094,35.9925,3555.134083
20210708,"3,525.50","3,557.22","3,558.68","3,521.06",35.09,3532.512,3562.965,3558.7655,-1.557,5.471,-14.057,35.30716345,42.47142697,20.97863641,48.32,75.671,74.208,-0.463,-1.068,-1.083,50,56.944,-61.64509553,36.57,3550.173042
20210709,"3,524.09","3,512.23","3,529.31","3,485.05",34.99,3533.578,3554.618,3554.427,-3.697,3.638,-14.67,34.14824621,39.69703339,23.05067187,48.175,69.809,53.984,-0.199,-1.01,-1.044,41.667,54.167,-114.7255947,36.7725,3545.001125
20210712,"3,547.84","3,545.20","3,565.03","3,527.39",40.36,3536.282,3548.765,3552.3315,-3.437,2.223,-11.32,39.83031607,39.74146095,40.0080263,50.773,48.806,21.493,0.336,-0.299,-0.317,41.667,51.389,-26.31661593,37.457,3544.807042
20210713,"3,566.52","3,547.59","3,567.48","3,542.82",36.24,3543.534,3548.099,3552.8295,-1.704,1.437,-6.283,48.69513937,42.72602042,60.63337727,52.719,33.575,1.165,0.712,0.323,0.224,41.667,48.611,5.692103908,36.402,3548.836542
20210714,"3,528.50","3,560.83","3,560.83","3,525.49",37.22,3538.49,3541.829,3553.338,-3.36,0.478,-7.675,49.53477624,44.99560569,58.61311733,48.636,64.574,47.289,-0.354,-0.565,-0.771,41.667,45.833,-42.03636178,36.077,3547.635542
20210715,"3,564.59","3,519.06","3,565.93","3,514.26",36.33,3546.308,3539.41,3555.2875,-1.74,0.035,-3.548,65.18784913,51.7263535,92.11084037,52.296,6.247,3.506,0.614,0.472,0.298,50,44.444,-9.776202126,37.318,3549.792708
20210716,"3,539.30","3,559.53","3,566.00","3,537.73",36.6,3549.35,3541.464,3555.9975,-2.468,-0.466,-4.004,65.3963719,56.2830263,83.62306309,49.706,34.187,34.187,-0.165,-0.119,-0.355,41.667,43.056,0.388614866,37.1095,3547.195625
20210719,"3,539.12","3,530.49","3,544.88","3,506.34",33.68,3547.606,3541.944,3556.4945,-3.025,-0.978,-4.094,65.46259805,59.34288355,77.70202704,49.688,34.405,46.385,-0.24,-0.007,-0.339,41.667,43.056,-56.61088516,37.222,3547.796542
20210720,"3,536.79","3,515.07","3,538.64","3,509.19",29.38,3541.66,3542.597,3555.4635,-3.612,-1.505,-4.216,64.56453522,61.08343411,71.52673744,49.442,37.232,50.196,-0.254,-0.115,-0.427,41.667,43.056,-58.51351976,37.168,3545.137333
20210721,"3,562.66","3,543.05","3,569.09","3,543.05",33.9,3548.492,3543.491,3555.2855,-1.968,-1.597,-0.741,73.82598397,65.33095073,90.81605046,52.18,7.651,10.247,0.494,0.548,0.258,41.667,43.056,130.6107134,37.402,3547.469083
20210722,"3,574.73","3,563.66","3,576.47","3,558.29",38.11,3550.52,3548.414,3555.6895,0.306,-1.217,3.045,81.72362048,70.79517398,103.5805135,53.408,1.903,2.481,0.615,0.783,0.539,50,44.444,155.5763094,37.2275,3553.390292
20210723,"3,550.40","3,571.72","3,571.85","3,541.51",44.64,3552.74,3551.045,3552.8315,0.143,-0.945,2.175,75.42447364,72.33827386,81.59687318,50.671,37.174,37.174,-0.003,0.105,-0.17,41.667,43.056,65.02559526,36.3995,3553.149542
20210726,"3,467.44","3,538.01","3,538.01","3,424.74",44.29,3538.404,3543.005,3545.885,-6.605,-2.077,-9.056,59.66368059,68.11340944,42.7642229,42.856,71.858,71.858,-2.009,-2.1,-2.4,41.667,43.056,-258.4641741,41.6755,3539.274167
20210727,"3,381.18","3,467.45","3,483.87","3,380.28",46.91,3507.282,3524.471,3536.285,-18.697,-5.401,-26.592,39.92870005,58.71850631,2.34908754,36.712,99.541,99.541,-3.73,-4.214,-4.621,41.667,43.056,-286.3369711,45.063,3511.186875
20210728,"3,361.59","3,355.82","3,385.54","3,312.72",39.58,3467.068,3507.78,3524.8045,-29.52,-10.225,-38.591,32.79543669,50.0774831,-1.768656145,35.506,81.471,81.471,-3.486,-4.348,-4.944,33.333,41.667,-246.3063622,47.473,3481.402375
20210729,"3,411.72","3,403.84","3,416.61","3,382.57",34.46,3434.466,3492.493,3515.9515,-33.665,-14.913,-37.504,34.3754728,44.84347967,13.43945906,40.708,62.464,62.464,-1.334,-2.564,-3.303,33.333,40.278,-126.9495022,48.536,3465.031625
20210730,"3,397.36","3,398.20","3,404.88","3,370.45",38.14,3403.858,3478.299,3509.8815,-37.674,-19.465,-36.418,33.61398029,41.10031321,18.64131444,39.749,67.909,67.337,-0.902,-2.67,-3.472,33.333,37.5,-110.9593703,46.8775,3454.739958
20210802,"3,464.29","3,385.69","3,464.29","3,367.64",43.29,3403.228,3470.816,3506.38,-35.047,-22.581,-24.931,41.56508638,41.2552376,42.18478395,45.939,42.533,32.722,1.475,-0.515,-1.443,33.333,36.111,-57.48536808,50.523,3456.745417
20210803,"3,447.99","3,446.78","3,470.66","3,435.46",40.07,3416.59,3461.936,3502.2665,-33.889,-24.843,-18.092,44.80579219,42.4387558,49.53986497,44.77,48.713,20.964,1.094,-0.766,-1.74,33.333,34.722,-32.16136002,50.212,3456.026833
20210804,"3,477.22","3,442.94","3,477.60","3,440.78",34.87,3439.716,3453.392,3498.4415,-30.264,-25.927,-8.674,51.03107817,45.30286325,62.487508,47.28,37.63,0.23,1.474,0.224,-0.776,41.667,34.722,-12.81273146,49.3825,3464.437667
20210805,"3,466.55","3,461.72","3,486.16","3,449.39",34.84,3450.682,3442.574,3495.494,-27.93,-26.328,-3.205,56.78101292,49.12891314,72.08521247,46.476,40.636,16.546,0.649,0.085,-1.019,41.667,36.111,-4.568581553,49.34,3466.799125
20210806,"3,458.23","3,465.48","3,466.39","3,436.93",33.68,3462.856,3433.357,3492.201,-26.447,-26.352,-0.191,65.81949139,54.69243923,88.07359573,45.841,35.412,23.566,0.182,0.097,-1.167,33.333,36.111,-15.39439279,48.608,3466.5915
20210809,"3,494.63","3,441.75","3,502.84","3,438.70",34.99,3468.924,3436.076,3489.5405,-22.08,-25.497,6.834,75.77355251,61.71947699,103.8817035,49.019,4.318,6.072,0.763,1.346,-0.084,33.333,36.111,22.98894004,49.768,3469.761375
20210810,"3,529.93","3,488.66","3,529.93","3,477.06",34.51,3485.312,3450.951,3487.711,-15.591,-23.516,15.85,83.849035,69.09599633,113.3551124,51.877,0,0,1.461,2.42,0.953,41.667,37.5,79.77597256,51.1785,3476.894208
20210811,"3,532.62","3,527.11","3,544.09","3,524.04",38.38,3496.392,3468.054,3487.917,-10.115,-20.836,21.442,87.06588165,75.0859581,111.0257288,52.09,6.5,10.704,1.129,2.337,1.022,50,40.278,122.5553969,50.1295,3488.029042
20210812,"3,524.74","3,522.72","3,538.40","3,513.45",38.11,3508.03,3479.356,3485.9245,-6.338,-17.936,23.197,87.72182797,79.29791472,104.5696545,51.393,10.966,18.057,0.675,1.756,0.796,50,41.667,118.9463164,48.7935,3495.010917
20210813,"3,516.30","3,514.47","3,540.08","3,500.80",37.82,3519.644,3491.25,3484.7745,-3.979,-15.145,22.331,83.28713475,80.62765473,88.60609479,50.636,15.75,25.933,0.196,1.136,0.592,50,43.056,95.84667841,49.344,3498.883625
20210816,"3,517.34","3,514.34","3,537.85","3,510.90",39.11,3524.186,3496.555,3483.6855,-2.003,-12.517,21.026,80.53719896,80.59750281,80.41659125,50.729,24.625,25.382,-0.055,0.911,0.681,50,45.833,87.54361596,48.7645,3502.001375
20210817,"3,446.98","3,512.11","3,531.72","3,438.12",42.29,3507.596,3496.454,3479.195,-6.045,-11.222,10.354,56.81763245,72.67087935,25.11113864,44.754,90.622,91.639,-1.832,-1.225,-1.237,50,48.611,-2.136631192,51.948,3493.447083
20210818,"3,485.29","3,442.35","3,487.44","3,437.69",38.92,3498.13,3497.261,3475.3265,-6.087,-10.195,8.217,52.9213481,66.08770227,26.58863976,48.219,54.871,55.263,-0.531,-0.177,-0.045,50,50,-16.86793377,52.8205,3488.473292
20210819,"3,465.55","3,475.30","3,480.46","3,446.01",38.24,3486.292,3497.161,3469.8675,-7.625,-9.681,4.112,44.00896891,58.72812448,14.57065776,46.646,73.292,72.79,-0.777,-0.784,-0.523,50,50,-46.26822782,53.8755,3480.363958
20210820,"3,427.33","3,442.51","3,453.15","3,394.97",39.11,3468.498,3494.071,3463.714,-11.792,-10.103,-3.377,36.57286053,51.3430365,7.032508596,43.762,78.299,77.7,-1.413,-1.762,-1.489,41.667,48.611,-136.100099,55.7435,3472.089958
20210823,"3,477.13","3,436.80","3,481.25","3,436.67",38.47,3460.456,3492.321,3464.1985,-10.95,-10.273,-1.354,42.7474292,48.47783406,31.28661946,48.123,44.903,42.497,0.207,-0.359,0.014,50,48.611,-45.56343564,52.1565,3470.119417
20210824,"3,514.47","3,482.27","3,522.70","3,481.14",43.02,3473.954,3490.775,3470.863,-7.186,-9.655,4.938,55.94872603,50.96813138,65.90991531,51.091,19.863,12.614,1.297,0.576,1.147,58.333,50,45.54319448,49.2555,3476.914292
20210825,"3,540.38","3,517.92","3,540.39","3,510.07",45,3484.972,3491.551,3479.8025,-2.089,-8.142,12.106,70.63019181,57.52215153,96.84627237,53.036,0.007,0.007,1.588,1.207,1.934,58.333,51.389,86.70055061,47.1305,3493.414792
20210826,"3,501.66","3,537.31","3,537.32","3,499.45",50.29,3492.194,3489.243,3484.2995,-1.16,-6.746,11.171,71.54239441,62.19556582,90.23605159,49.939,26.633,26.633,0.399,0.167,0.879,50,51.389,40.85852637,46.426,3496.676333
20210827,"3,522.16","3,494.42","3,530.19","3,493.38",45.53,3511.16,3489.829,3490.5395,1.216,-5.153,12.738,76.84956216,67.08023127,96.38822396,51.504,12.536,12.536,0.714,0.779,1.403,50,51.389,41.22364672,46.203,3501.018
20210830,"3,528.15","3,535.07","3,539.49","3,512.99",51.28,3521.364,3490.91,3493.7325,3.541,-3.414,13.912,81.76070843,71.97372366,101.334678,51.962,8.417,11.801,0.403,0.942,1.396,58.333,54.167,64.96638936,42.6955,3505.068958
20210831,"3,543.94","3,519.02","3,543.94","3,496.39",52.42,3527.258,3500.606,3498.53,6.583,-1.415,15.995,87.84047229,77.26263987,108.9961371,53.177,0,0,0.534,1.327,1.628,66.667,56.944,69.41253316,43.313,3513.15125
20210901,"3,567.10","3,543.87","3,582.32","3,514.67",66.73,3532.602,3508.787,3503.024,10.738,1.016,19.445,89.18570406,81.2369946,105.083123,54.924,8.124,17.113,0.94,1.868,2.103,66.667,58.333,121.0511609,44.8545,3521.249333
20210902,"3,597.04","3,559.90","3,597.37","3,557.68",57.27,3551.678,3521.936,3509.5485,16.26,4.064,24.39,92.72201884,85.06533601,108.0353845,57.083,0.163,0.317,1.515,2.358,2.715,75,61.111,158.8048005,45.0005,3534.108375
20210903,"3,581.73","3,602.74","3,613.95","3,569.40",61.45,3563.592,3537.376,3515.7235,19.179,7.087,24.183,87.06127211,85.73064804,89.72252023,55.66,18.175,26.723,0.704,1.69,2.135,66.667,63.889,140.9954215,45.747,3544.146708
20210906,"3,621.86","3,580.14","3,626.29","3,580.14",52.17,3582.334,3551.849,3522.085,24.449,10.56,27.779,90.26315389,87.24148333,96.30649502,58.489,3.052,3.41,1.359,2.45,3.067,75,68.056,148.1509535,44.8475,3557.711042
20210907,"3,676.59","3,621.71","3,681.93","3,615.14",54.77,3608.864,3568.061,3529.418,32.665,14.981,35.369,92.56472259,89.01589641,99.66237494,61.945,2.832,2.878,2.183,3.391,4.377,83.333,72.222,177.4728318,45.5435,3577.551375
20210908,"3,675.19","3,673.40","3,695.32","3,661.00",58.64,3630.482,3581.542,3536.5465,38.619,19.708,37.82,91.72037925,89.91739069,95.32635637,61.808,9.968,11.143,1.527,2.874,4.081,75,73.611,157.9712981,46.257,3596.716833
20210909,"3,693.13","3,666.82","3,693.45","3,662.16",60.48,3649.7,3600.689,3544.966,44.274,24.621,39.305,94.11328958,91.31602366,99.70782143,62.907,1.084,1.591,1.434,2.947,4.3,75,75,136.0404437,46.574,3613.734208
20210910,"3,703.11","3,691.19","3,722.87","3,681.64",63.52,3673.976,3618.784,3554.3065,48.996,29.496,38.999,93.16724898,91.93309877,95.63554942,63.517,8.725,12.875,1.217,2.836,4.326,75,75,133.5480191,46.6715,3626.089125
20210913,"3,715.37","3,699.25","3,716.83","3,692.82",55.75,3692.678,3637.506,3564.208,53.116,34.22,37.791,94.24406416,92.70342056,97.32535136,64.27,3.312,5.255,0.937,2.669,4.444,83.333,77.778,114.5890894,46.5245,3641.933458
20210914,"3,662.60","3,709.63","3,723.85","3,655.63",56.5,3689.88,3649.372,3574.989,51.528,37.682,27.693,83.87609533,89.76097882,72.10632836,58.818,29.281,56.343,-0.68,0.885,2.804,75,77.778,73.39739358,45.2555,3646.707875
20210915,"3,656.22","3,651.16","3,677.53","3,638.32",47.5,3686.086,3658.284,3583.5355,49.188,39.983,18.411,74.65485238,84.72560334,54.51335045,58.195,40.699,79.072,-0.761,0.414,2.467,66.667,75,41.02790652,44.7285,3646.756375
20210916,"3,607.09","3,664.84","3,677.92","3,606.73",54.67,3668.878,3659.289,3590.6125,42.875,40.562,4.628,56.02091636,75.15737435,17.74800039,53.632,75.597,99.693,-1.792,-1.079,0.983,58.333,72.222,3.478595989,46.324,3637.980417
20210917,"3,613.97","3,595.27","3,620.96","3,569.27",51.68,3651.05,3662.513,3599.9445,37.99,40.047,-4.115,46.98629944,65.76701604,9.424866228,54.157,71.083,71.083,-1.25,-0.996,1.062,58.333,69.444,-44.14718158,45.3795,3633.939042
20210922,"3,628.49","3,563.21","3,629.45","3,560.50",47.23,3633.674,3663.176,3607.5125,34.887,39.015,-8.256,45.19829411,58.9107754,17.77333152,55.273,58.378,58.378,-0.515,-0.669,1.254,58.333,66.667,-51.27168964,46.131,3631.06625
20210923,"3,642.22","3,651.27","3,670.95","3,632.28",53.5,3629.598,3659.739,3613.9,33.154,37.843,-9.378,46.80804547,54.87653209,30.67107224,56.322,49.972,49.972,0.196,-0.431,1.452,66.667,63.889,5.737903426,45.9755,3633.802917
20210924,"3,613.07","3,637.87","3,651.43","3,607.79",50.73,3620.968,3653.527,3617.5345,29.093,36.093,-14,41.93284044,50.56196821,24.6745849,53.54,67.818,55.229,-0.38,-1.208,0.468,58.333,61.111,-49.1108533,46.6415,3632.389667
20210927,"3,582.83","3,625.96","3,640.81","3,559.92",51.08,3616.116,3642.497,3621.593,23.167,33.508,-20.681,32.6137194,44.5792186,8.682721002,50.823,86.025,80.585,-0.879,-1.825,-0.552,50,58.333,-111.7800398,48.6395,3624.588042
20210928,"3,602.22","3,577.89","3,610.92","3,568.82",44.42,3613.766,3632.408,3625.596,19.808,30.768,-21.92,30.34371184,39.83404968,11.36303614,52.438,74.196,61.902,-0.32,-1.129,-0.159,58.333,58.333,-106.5401678,48.904,3620.532333
20210929,"3,536.29","3,573.52","3,573.52","3,518.05",45.25,3595.326,3614.5,3626.003,11.69,26.952,-30.524,24.03223123,34.56677687,2.963139972,46.965,91.137,88.071,-1.793,-2.589,-2.011,50,56.944,-160.0253677,51.7875,3607.731583
20210930,"3,568.17","3,541.93","3,572.43","3,541.93",39.56,3580.516,3605.057,3627.2145,7.74,23.11,-30.739,26.47164491,31.86839955,15.67813563,49.618,68.65,67.22,-0.63,-1.406,-1.159,50,55.556,-111.3794179,51.217,3601.488208
20211008,"3,592.17","3,609.09","3,612.55","3,571.73",40.72,3576.336,3598.652,3628.468,6.472,19.782,-26.621,33.80647267,32.51442392,36.39057016,51.523,53.637,44.429,0.271,-0.46,-0.598,50,52.778,-53.87800692,50.0535,3596.312
20211011,"3,591.71","3,600.36","3,614.70","3,586.75",39.44,3578.112,3597.114,3628.2015,5.368,16.899,-23.063,38.59607443,34.54164076,46.70494178,51.484,51.825,39.997,0.358,-0.31,-0.69,50,51.389,-36.53088304,49.4665,3598.496833
20211012,"3,546.94","3,581.30","3,583.64","3,515.14",40.54,3567.056,3590.411,3626.462,0.87,13.694,-25.647,32.53387398,33.87238517,29.85685161,47.815,79.591,68.059,-0.727,-1.303,-1.949,50,51.389,-124.8115408,51.0675,3592.520708
20211013,"3,561.76","3,543.49","3,569.13","3,515.65",32.51,3572.15,3583.738,3623.457,-1.481,10.659,-24.28,33.09140649,33.61205894,32.05010158,49.069,70.079,53.174,-0.124,-0.786,-1.56,58.333,51.389,-115.1128191,51.434,3586.605083
20211014,"3,558.28","3,555.11","3,569.69","3,547.18",29.5,3570.172,3575.344,3617.5415,-3.584,7.81,-22.789,33.50360496,33.57590761,33.35899965,48.782,68.347,56.669,-0.324,-0.755,-1.646,50,51.389,-77.00010422,49.22,3582.096417
20211015,"3,572.37","3,551.99","3,578.77","3,542.69",32.03,3566.212,3571.274,3612.4005,-4.067,5.435,-19.004,41.4967116,36.21617561,52.05778358,50.018,54.46,42.517,0.051,-0.232,-1.229,50,51.389,-50.64778477,49.308,3581.936167
20211018,"3,568.14","3,571.05","3,571.05","3,539.48",34.1,3561.498,3569.805,3606.151,-4.736,3.4,-16.274,45.40921794,39.28052305,57.66660771,49.642,46.766,46.766,0.045,-0.178,-1.33,41.667,50,-54.72624389,49.388,3578.360875
20211019,"3,593.15","3,562.30","3,596.79","3,560.62",33.42,3570.74,3568.898,3600.653,-3.212,2.078,-10.58,56.39106561,44.98403724,79.20512235,51.87,21.645,4.458,0.74,0.569,-0.606,50,50,9.755680685,49.135,3579.537208
20211020,"3,587.00","3,583.24","3,596.05","3,574.30",34.42,3575.788,3573.969,3594.2345,-2.471,1.168,-7.279,61.65323752,50.54043733,83.87883791,51.288,27.822,12.066,0.379,0.387,-0.673,50,50,33.69979461,49.022,3580.907792
20211021,"3,594.78","3,590.05","3,610.96","3,576.35",35.23,3583.088,3576.63,3590.8435,-1.242,0.686,-3.857,67.76614656,56.28234041,90.73375887,51.999,20.008,22.636,0.442,0.622,-0.365,50,48.611,75.18466416,47.3415,3583.500875
20211022,"3,582.60","3,594.75","3,607.58","3,578.76",35.32,3585.134,3575.673,3587.1625,-1.237,0.301,-3.077,68.64504393,60.40324158,85.12864862,50.788,32.242,39.675,-0.011,0.173,-0.576,50,48.611,61.76802024,46.822,3583.679583
20211025,"3,609.86","3,574.26","3,611.09","3,564.21",32.12,3593.478,3577.488,3587.301,0.956,0.432,1.047,78.66710668,66.49119662,103.0189268,53.327,1.282,1.718,0.574,0.837,0.289,50,48.611,81.05998088,45.6065,3588.049833
20211026,"3,597.64","3,612.83","3,625.02","3,589.71",33.73,3594.376,3582.558,3586.4845,1.688,0.683,2.01,75.10859875,69.36366399,86.59846826,52.07,25.034,42.516,0.096,0.483,0.086,41.667,48.611,101.380218,44.7875,3589.427167
20211027,"3,562.31","3,589.86","3,589.86","3,553.13",35.06,3589.438,3582.613,3583.1755,-0.575,0.432,-2.014,58.96882189,65.89871663,45.10903242,48.614,73.311,87.23,-0.745,-0.436,-0.782,41.667,47.222,-37.10031766,43.5655,3585.011583
20211028,"3,518.42","3,548.70","3,552.04","3,509.49",37.82,3574.166,3578.627,3576.9855,-5.844,-0.823,-10.041,41.88907928,57.89550418,9.876229477,44.762,92.27,92.27,-1.654,-1.597,-1.847,41.667,45.833,-158.1209747,44.0835,3572.392417
20211029,"3,547.34","3,519.33","3,547.34","3,502.80",35.88,3567.114,3576.124,3573.699,-7.598,-2.178,-10.839,40.07354644,51.9548516,16.31093613,47.616,63.558,63.558,-0.626,-0.755,-0.972,41.667,44.444,-119.4599206,44.1285,3565.102042
20211101,"3,544.48","3,530.40","3,556.59","3,519.29",38.23,3554.038,3573.758,3571.7815,-9.113,-3.565,-11.096,38.08317704,47.33096008,19.58761095,47.363,65.898,65.898,-0.529,-0.803,-0.972,41.667,43.056,-89.5779441,41.949,3561.261
20211102,"3,505.63","3,543.38","3,559.05","3,477.66",41.76,3535.636,3565.006,3566.952,-13.296,-5.511,-15.57,31.71569385,42.12587133,10.89533887,44.052,81.019,81.019,-1.138,-1.737,-1.917,33.333,40.278,-147.6257456,43.9135,3553.254458
20211103,"3,498.54","3,501.10","3,512.61","3,480.49",30.66,3522.882,3556.16,3565.0645,-16.987,-7.807,-18.362,25.86692293,36.70622187,4.188325068,43.473,85.831,81.39,-0.876,-1.776,-1.951,33.333,38.889,-151.7687101,41.311,3543.13675
20211104,"3,526.87","3,505.89","3,527.95","3,503.01",31.94,3524.572,3549.369,3562.9995,-17.426,-9.731,-15.391,28.37608471,33.92950948,17.26923516,46.409,66.606,39.538,0.094,-0.827,-1.057,33.333,37.5,-82.86316657,40.9745,3538.2955
20211105,"3,491.57","3,520.21","3,525.87","3,491.46",35.45,3513.418,3540.266,3557.9695,-20.387,-11.862,-17.05,22.06387913,29.97429936,6.243038657,43.473,90.561,82.909,-0.782,-1.6,-1.943,33.333,36.111,-97.30124994,40.526,3532.759458
20211108,"3,498.63","3,491.97","3,507.27","3,484.24",29.82,3504.248,3529.143,3553.3155,-21.911,-13.872,-16.079,20.93919928,26.96259933,8.89239916,44.21,85.77,74.235,-0.351,-1.178,-1.626,33.333,34.722,-94.49679101,40.28,3527.57075
20211109,"3,507.00","3,507.11","3,514.95","3,489.04",28.73,3504.522,3520.079,3551.3185,-22.188,-15.535,-13.306,25.97568439,26.63362769,24.6597978,45.095,73.85,63.951,0.065,-0.765,-1.356,41.667,34.722,-73.28203059,37.747,3522.279
20211110,"3,492.46","3,498.94","3,498.94","3,448.44",30.7,3503.306,3513.094,3547.8535,-23.312,-17.09,-12.443,30.58295182,27.95006906,35.84871732,43.835,60.203,44.636,-0.287,-0.902,-1.678,33.333,34.722,-109.1618727,38.001,3518.492333
20211111,"3,532.79","3,486.45","3,534.20","3,482.83",32.21,3504.49,3514.531,3546.579,-20.709,-17.814,-5.791,45.80827713,33.90280509,69.61922122,48.038,23.741,1.644,0.7,0.397,-0.473,41.667,36.111,-27.71498347,39.444,3521.096417
20211112,"3,539.10","3,534.15","3,543.65","3,527.39",30.87,3513.996,3513.707,3544.9155,-17.931,-17.838,-0.187,57.86007012,41.8885601,89.80309016,48.665,18.036,4.779,0.822,0.631,-0.234,50,38.889,35.72663535,38.453,3523.381583
20211115,"3,533.30","3,542.90","3,550.44","3,521.29",31.3,3520.93,3512.589,3543.1735,-16.013,-17.473,2.919,66.30540622,50.02750881,98.86120106,48.108,23.28,16.804,0.457,0.431,-0.382,50,41.667,59.32331232,38.266,3528.398167
20211116,"3,521.79","3,530.46","3,549.77","3,517.81",31.04,3523.888,3514.205,3539.6055,-15.246,-17.027,3.563,68.17419238,56.07640333,92.36977049,46.994,28.088,28.088,0.02,0.164,-0.659,41.667,43.056,59.25995121,38.0555,3527.022208
20211117,"3,537.37","3,518.56","3,537.51","3,513.52",27.67,3532.87,3518.088,3537.124,-13.228,-16.267,6.079,74.51155309,62.22145325,99.09175277,48.673,12.814,12.814,0.319,0.624,-0.195,50,44.444,56.20688569,38.1675,3527.374958
20211118,"3,520.71","3,531.49","3,537.98","3,513.11",31.24,3530.454,3517.472,3533.4205,-12.825,-15.579,5.507,73.29201579,65.91164076,88.05276583,47.012,29.147,43.973,-0.287,0.115,-0.605,50,47.222,35.78100816,37.6805,3526.891167
20211119,"3,560.37","3,519.28","3,561.91","3,517.65",31.8,3534.708,3524.352,3532.309,-9.2,-14.303,10.206,81.74228155,71.18852103,102.8498026,51.153,1.357,3.156,0.705,1.094,0.524,58.333,50,133.843729,38.4525,3532.265583
20211122,"3,582.08","3,562.76","3,585.19","3,562.75",33,3544.464,3532.697,3530.92,-4.523,-12.347,15.648,87.07011336,76.48238514,108.2455698,53.24,2.274,4.315,1.114,1.578,1.15,58.333,51.389,198.2890533,37.3495,3538.585208
20211123,"3,589.09","3,580.51","3,598.38","3,577.36",36,3557.924,3540.906,3530.4925,-0.248,-9.927,19.359,88.70013904,80.55496977,104.9904776,53.904,6.196,10.895,1.047,1.543,1.345,66.667,54.167,189.2683289,36.635,3548.532917
20211124,"3,592.70","3,590.02","3,602.74","3,575.29",33.68,3568.99,3550.93,3532.012,3.392,-7.263,21.311,88.73289049,83.28094334,99.63678478,54.253,8.373,11.202,0.813,1.42,1.45,66.667,58.333,151.202429,35.782,3556.521333
20211125,"3,584.18","3,593.39","3,597.15","3,579.53",30.65,3581.684,3556.069,3535.3,5.526,-4.705,20.463,85.58614284,84.04934318,88.65974218,53.26,20.707,20.707,0.354,0.996,1.207,58.333,59.722,115.2597992,34.022,3561.076667
20211126,"3,564.09","3,576.11","3,576.11","3,554.88",30.1,3582.428,3558.568,3536.1375,5.532,-2.658,16.38,76.01685435,81.3718469,65.30686925,50.965,43.122,45.422,-0.41,0.261,0.694,58.333,61.111,52.10319626,33.26,3562.5025
20211129,"3,562.70","3,528.67","3,563.68","3,526.35",33.36,3578.552,3561.508,3537.0485,5.363,-1.054,12.834,69.12038867,77.28802749,52.78511104,50.807,44.673,52.415,-0.459,0.152,0.696,50,59.722,10.65766292,33.282,3560.950458
20211130,"3,563.89","3,570.75","3,582.11","3,546.36",34.92,3573.512,3565.718,3539.9615,5.264,0.21,10.109,64.96530505,73.18045334,48.53500845,50.943,43.345,50.857,-0.342,0.127,0.728,50,58.333,34.05197916,31,3559.746417
20211201,"3,576.89","3,561.89","3,576.89","3,558.69",32.99,3570.35,3569.67,3543.879,6.164,1.401,9.527,66.51700401,70.95930356,57.63240489,52.441,28.841,33.84,0.079,0.39,1.026,58.333,56.944,45.32903696,30.304,3562.19225
20211202,"3,573.84","3,573.25","3,586.87","3,567.14",35.4,3568.282,3574.983,3546.2275,6.555,2.432,8.248,65.06727701,68.99529471,57.2112416,52.052,33.964,32.924,0.081,0.183,0.908,58.333,55.556,54.02144231,29.82,3564.00625
20211203,"3,607.43","3,576.45","3,608.47","3,573.21",37.76,3576.95,3579.689,3552.0205,9.467,3.839,11.256,76.28937155,71.42665366,86.01480734,55.819,1.266,1.266,0.913,0.959,1.781,58.333,55.556,108.9012556,29.8125,3571.511167
20211206,"3,589.31","3,615.24","3,626.13","3,586.81",41.87,3582.272,3580.412,3556.5545,10.195,5.11,10.169,71.89252017,71.5819425,72.51367551,53.455,36.901,36.901,0.288,0.291,1.171,58.333,55.556,110.5703195,30.627,3576.159667
20211207,"3,595.09","3,611.22","3,614.22","3,572.57",40.38,3588.512,3581.012,3560.959,11.11,6.31,9.6,70.89220059,71.35202853,69.97254472,54.102,31.108,38.912,0.298,0.372,1.219,58.333,56.944,78.9528641,31.414,3581.104542
20211208,"3,637.57","3,602.82","3,637.72","3,591.99",36.1,3600.648,3585.499,3568.2145,15.089,8.066,14.046,80.549905,74.41798735,92.8137403,58.523,0.135,0.19,1.137,1.427,2.282,58.333,58.333,170.3850449,30.7725,3589.656125
20211209,"3,673.04","3,641.16","3,688.40","3,638.70",43.19,3620.488,3594.385,3575.227,20.864,10.625,20.477,83.87375133,77.56990868,96.48143664,61.735,9.479,12.667,1.67,2.216,3.06,58.333,58.333,267.6643308,30.7455,3604.141958
20211210,"3,666.35","3,654.37","3,667.85","3,651.35",42,3632.272,3604.611,3581.5895,24.617,13.424,22.387,84.07456885,79.73812874,92.74744908,60.808,13.607,19.037,1.053,1.856,2.671,50,56.944,181.0039852,31.017,3617.059875
20211213,"3,681.08","3,686.94","3,708.94","3,678.06",42.41,3650.626,3616.449,3588.9785,28.452,16.429,24.045,83.20223614,80.8928312,87.82104601,62.115,17.136,20.43,1.117,2.037,2.875,58.333,56.944,176.0035108,31.689,3627.620458
20211214,"3,661.53","3,669.81","3,671.68","3,654.66",36.22,3663.914,3626.213,3595.9655,29.573,19.058,21.03,77.65668587,79.81411609,73.34182542,59.374,31.554,34.766,0.249,1.267,2.127,58.333,56.944,96.91311953,31.412,3633.447208
20211215,"3,647.63","3,655.05","3,668.40","3,645.24",37.75,3665.926,3633.287,3601.4785,29.005,21.047,15.915,70.11826771,76.58216663,57.19046987,57.491,43.237,52.424,-0.371,0.685,1.604,58.333,56.944,68.34404076,31.3705,3637.224
20211216,"3,675.02","3,648.93","3,675.02","3,644.66",38.13,3666.322,3643.405,3609.194,30.415,22.921,14.988,71.78767651,74.98400326,65.39502301,60.093,24.874,48.292,0.207,1.183,2.206,58.333,56.944,74.32561265,31.645,3642.5235
20211217,"3,632.36","3,670.26","3,673.65","3,631.66",40.85,3659.524,3645.898,3612.7935,27.769,23.891,7.758,62.47310232,70.81370295,45.79190107,54.656,56.156,99.094,-0.773,-0.119,0.903,50,55.556,34.94912766,31.6,3640.453167
20211220,"3,593.60","3,620.04","3,643.95","3,589.36",42.39,3642.028,3646.327,3613.3695,22.289,23.57,-2.563,42.83064936,61.48601842,5.519911244,50.339,84.579,96.454,-1.506,-1.23,-0.256,50,55.556,-40.45635935,33.0885,3633.475083
20211221,"3,625.13","3,591.45","3,627.09","3,591.45",40.82,3634.748,3649.331,3615.1715,20.256,22.907,-5.303,38.52477588,53.83227091,7.909785841,53.459,70.087,58.242,-0.387,-0.403,0.517,50,54.167,-39.2312657,33.8195,3627.805583
20211222,"3,622.62","3,632.68","3,635.90","3,616.55",39.48,3629.746,3647.836,3616.6675,18.232,21.972,-7.481,34.9545225,47.5396881,9.784191285,53.182,72.186,61.172,-0.278,-0.548,0.329,50,52.778,-27.29474695,33.4145,3626.440625
20211223,"3,643.34","3,625.47","3,643.55","3,618.05",38.29,3623.41,3644.866,3619.6255,18.091,21.196,-6.209,38.35012433,44.47650018,26.09737262,55.186,54.859,36.983,0.312,-0.09,0.807,50,51.389,-10.84701146,33.8085,3632.151583
20211224,"3,618.05","3,645.39","3,648.96","3,612.07",39.03,3620.548,3640.036,3622.3235,15.758,20.108,-8.701,36.73104249,41.89468095,26.40376558,52.333,76.008,65.963,-0.123,-0.739,0.065,41.667,48.611,-42.30853678,34.188,3629.455667
20211227,"3,615.97","3,613.05","3,632.19","3,601.94",32.92,3625.022,3633.525,3624.987,13.584,18.803,-10.439,34.84225309,39.54387166,25.43901595,52.101,68.935,55.352,-0.105,-0.666,-0.023,33.333,45.833,-81.12988753,33.8135,3627.6955
20211228,"3,630.11","3,619.64","3,631.08","3,607.36",31.62,3626.018,3630.383,3628.298,12.854,17.613,-9.52,39.08543388,39.39105907,38.47418351,53.557,52.428,32.777,0.117,-0.195,0.325,41.667,44.444,-61.92688133,33.212,3628.187
20211229,"3,597.00","3,630.92","3,630.92","3,596.32",30.51,3620.894,3625.32,3629.3035,9.494,15.99,-12.991,29.07827122,35.95346312,15.32788743,49.855,91.081,98.708,-0.668,-0.914,-0.605,33.333,41.667,-94.76700994,34.032,3623.760458
20211230,"3,619.19","3,596.49","3,628.92","3,595.50",30.78,3616.064,3619.737,3631.571,8.524,14.496,-11.945,36.06895934,35.99196186,36.2229543,52.167,64.61,55.686,-0.039,-0.206,-0.055,41.667,40.278,-66.86413598,34.7165,3623.570667
20211231,"3,639.78","3,626.24","3,642.84","3,624.94",32.97,3620.41,3620.479,3633.1885,9.309,13.459,-8.3,52.05849245,41.34747206,73.48053325,54.211,15.403,17.172,0.546,0.38,0.424,50,40.278,19.98278083,34.136,3624.469
20220104,"3,632.33","3,649.15","3,651.89","3,610.09",40.5,3623.682,3624.352,3635.3395,9.224,12.612,-6.776,56.47666122,46.39053511,76.64891344,53.351,32.363,34.687,0.274,0.273,0.14,41.667,40.278,12.88241003,34.26,3627.656542
20220105,"3,595.18","3,628.26","3,628.26","3,583.47",42.39,3616.696,3621.357,3635.344,6.088,11.307,-10.438,43.35606705,45.37904576,39.31010962,49.279,82.885,82.885,-0.656,-0.668,-0.905,41.667,41.667,-120.7716818,34.6205,3624.016
20220106,"3,586.08","3,581.22","3,594.49","3,559.88",37.15,3614.512,3617.703,3632.7695,2.836,9.613,-13.553,38.39576661,43.05128604,29.08472775,48.336,71.525,71.525,-0.706,-0.902,-1.17,41.667,41.667,-205.3831241,34.099,3616.906125
20220107,"3,579.54","3,588.99","3,607.23","3,577.10",43.63,3606.582,3611.323,3628.0945,-0.265,7.637,-15.805,32.71959197,39.60738802,18.94399988,47.652,78.633,78.633,-0.808,-0.979,-1.319,33.333,41.667,-142.7920873,33.064,3609.660917
20220110,"3,593.52","3,572.74","3,593.52","3,555.13",35.62,3597.33,3608.87,3624.453,-1.577,5.794,-14.743,35.03822323,38.08433309,28.9460035,49.253,60.325,60.325,-0.302,-0.526,-0.938,41.667,41.667,-142.4663731,33.899,3606.936375
20220111,"3,567.44","3,589.90","3,602.15","3,562.75",35.98,3584.352,3604.017,3618.771,-4.668,3.702,-16.739,27.59954857,34.58940492,13.61983588,46.485,87.278,87.278,-0.693,-1.074,-1.626,33.333,38.889,-122.4846056,33.7395,3599.367125
20220112,"3,597.43","3,578.16","3,599.50","3,572.10",34.31,3584.802,3600.749,3615.566,-4.643,2.033,-13.352,32.97183629,34.05021537,30.81507813,49.866,56.284,42.158,0.304,-0.195,-0.753,41.667,38.889,-65.78950294,34.0215,3598.172958
20220113,"3,555.26","3,601.03","3,601.07","3,555.16",36.94,3578.638,3596.575,3610.9475,-7.935,0.039,-15.949,22.02600854,30.04214643,5.993732765,45.636,99.866,99.75,-0.688,-1.226,-1.783,41.667,38.889,-114.2342432,35.159,3590.901875
20220114,"3,521.26","3,544.07","3,548.42","3,519.32",37.69,3566.982,3586.782,3603.2595,-13.136,-2.596,-21.081,15.17179831,25.08536372,-4.655332524,42.596,98.537,97.793,-1.34,-1.924,-2.56,33.333,37.5,-196.9614086,35.438,3580.163
20220117,"3,541.67","3,522.09","3,546.09","3,519.43",31.29,3556.612,3576.971,3598.725,-15.433,-5.163,-20.54,16.95315897,22.37462881,6.110219304,44.895,83.141,73.017,-0.592,-1.229,-1.837,41.667,38.889,-148.4963522,34.603,3571.652083
20220118,"3,569.91","3,541.89","3,579.31","3,531.33",37.71,3557.106,3570.729,3597.5405,-14.804,-7.091,-15.426,30.48460323,25.07795361,41.29790247,47.908,53.562,38.923,0.311,-0.327,-0.95,41.667,38.889,-71.8789541,34.2725,3570.566375
20220119,"3,558.18","3,567.63","3,578.73","3,541.66",33.32,3549.256,3567.029,3594.193,-15.079,-8.689,-12.779,35.05783544,28.40458089,48.36434454,46.799,55.796,52.465,0.025,-0.465,-1.173,33.333,38.889,-64.54731474,34.344,3570.720333
20220120,"3,555.06","3,556.23","3,576.26","3,540.55",37.95,3549.216,3563.927,3590.815,-15.37,-10.025,-10.69,37.75476284,31.52130821,50.22167211,46.5,59.345,56.281,0.136,-0.373,-1.122,33.333,37.5,-62.17974943,35.162,3567.616458
20220121,"3,522.57","3,546.75","3,547.00","3,514.89",32.65,3549.478,3558.23,3584.7765,-18.016,-11.623,-12.785,28.10360307,30.38207316,23.54666288,43.484,91.199,88.078,-0.626,-1.116,-1.901,33.333,36.111,-128.8600896,35.8955,3559.287042
20220124,"3,524.10","3,508.24","3,531.61","3,500.14",28.03,3545.964,3551.288,3580.079,-19.761,-13.251,-13.02,26.64881045,29.13765226,21.67112683,43.663,76.512,69.736,-0.597,-0.929,-1.779,41.667,37.5,-137.3618019,35.6245,3554.09975
20220125,"3,433.06","3,509.28","3,519.83","3,433.06",32.74,3518.594,3537.85,3570.9335,-28.166,-16.234,-23.863,17.76587363,25.34705938,2.603502132,36.469,100,100,-2.668,-3.156,-4.103,41.667,37.5,-223.6277069,38.664,3534.069625
20220126,"3,455.67","3,442.69","3,462.12","3,417.76",27.51,3498.092,3523.674,3562.2115,-32.626,-19.512,-26.227,19.66605544,23.4533914,12.09138352,39.071,79.319,76.449,-1.495,-2.202,-3.283,41.667,37.5,-191.1334012,39.696,3518.68225
20220127,"3,394.25","3,456.10","3,456.36","3,392.02",28.06,3465.93,3507.573,3552.074,-40.648,-23.739,-33.817,13.50759259,20.13812513,0.246527504,35.007,98.809,98.79,-2.486,-3.546,-4.726,41.667,38.889,-189.9741975,41.183,3494.8885
20220128,"3,361.44","3,407.59","3,417.05","3,356.56",29.09,3433.704,3491.591,3539.1865,-49.087,-28.809,-40.557,9.735327345,16.67052587,-4.135069703,33.088,97.809,97.438,-2.525,-3.942,-5.363,33.333,38.889,-176.2246895,42.5365,3472.714333
20220207,"3,429.58","3,407.76","3,434.03","3,407.76",32.05,3414.8,3480.382,3528.6765,-49.704,-32.988,-33.432,17.44579279,16.92894818,18.47948202,40.191,67.219,58.286,-0.1,-1.7,-3.233,41.667,40.278,-94.39226427,44.9835,3461.41975
20220208,"3,452.63","3,428.54","3,453.19","3,390.46",36.61,3418.714,3468.654,3519.6915,-47.782,-35.947,-23.671,26.20646541,20.02145392,38.57648839,42.351,56.758,41.159,0.921,-0.877,-2.379,50,41.667,-70.73526403,46.03,3459.630792
20220209,"3,479.95","3,450.82","3,484.74","3,444.08",35.02,3423.57,3460.831,3513.93,-43.553,-37.468,-12.169,39.06833044,26.37041276,64.46416579,44.816,43.837,3.737,1.488,0.055,-1.47,50,43.056,-20.95243082,45.62,3468.734167
20220210,"3,485.91","3,481.91","3,488.86","3,464.22",35.57,3441.902,3453.916,3508.9215,-39.267,-37.828,-2.879,50.67661142,34.47247898,83.0848763,45.348,32.078,2.23,1.513,0.429,-1.146,50,44.444,-4.537710854,45.087,3471.686208
20220211,"3,462.95","3,472.28","3,500.15","3,459.33",36.14,3462.204,3447.954,3503.092,-37.294,-37.721,0.855,55.50507481,41.48334426,83.54853592,43.656,39.223,25.907,0.509,-0.004,-1.592,50,45.833,-6.526012645,45.6215,3471.967375
20220214,"3,428.88","3,451.85","3,457.26","3,415.45",31.53,3462.064,3438.432,3494.86,-38.04,-37.785,-0.511,53.79192466,45.58620439,70.20336519,41.273,55.705,64.974,-0.803,-0.687,-2.324,50,48.611,-56.02206536,46.077,3465.834792
20220215,"3,446.09","3,428.04","3,447.49","3,421.64",27.56,3460.756,3439.735,3488.7925,-36.819,-37.592,1.546,56.64499599,49.27246826,71.39005146,42.916,37.649,49.284,-0.385,-0.003,-1.66,58.333,51.389,-40.44788821,45.3995,3460.094167
20220216,"3,465.83","3,457.07","3,475.06","3,453.80",27.5,3457.932,3440.751,3482.2125,-33.868,-36.847,5.959,63.12953536,53.89149062,81.60562484,44.765,23.901,40.519,0.122,0.711,-0.955,58.333,52.778,22.51497932,45.245,3458.025208
20220217,"3,468.04","3,464.21","3,480.97","3,454.28",29.73,3454.358,3448.13,3477.8515,-30.993,-35.676,9.366,65.66188795,57.8149564,81.35575105,44.974,22.362,37.91,0.243,0.69,-0.76,66.667,55.556,44.25744117,44.284,3460.430792
20220218,"3,490.76","3,451.63","3,490.76","3,447.03",29.51,3459.92,3461.062,3476.3265,-26.575,-33.856,14.561,74.25442908,63.29478063,96.173726,47.113,8.56,11.086,0.877,1.264,0.012,66.667,58.333,82.52891768,44.6735,3464.705167
20220221,"3,490.61","3,488.41","3,492.20","3,471.69",30.15,3472.266,3467.165,3473.7735,-22.823,-31.649,17.652,79.08185867,68.55713997,100.131296,47.1,8.697,2.072,0.738,1.024,0.1,66.667,61.111,95.81059233,44.366,3469.291917
20220222,"3,457.15","3,473.29","3,473.39","3,437.67",32.63,3474.478,3467.617,3468.1355,-22.293,-29.778,14.971,69.13210098,68.74879364,69.89871564,44.337,50.767,49.674,-0.363,-0.175,-0.693,66.667,63.889,17.1943331,44.614,3470.146792
20220223,"3,489.15","3,458.51","3,490.76","3,458.18",32.56,3479.142,3468.537,3464.684,-19.07,-27.636,17.132,75.09239632,70.86332787,83.55053323,47.416,12.987,5.593,0.352,0.605,0.305,66.667,65.278,71.31172167,44.441,3472.184958
20220224,"3,429.96","3,474.37","3,486.98","3,400.21",48.84,3471.526,3462.942,3458.429,-21.05,-26.319,10.538,60.84175481,67.52280352,47.4796574,42.842,70.232,67.66,-1.181,-1.048,-1.288,58.333,65.278,-71.07916612,47.1025,3463.600167
20220225,"3,451.41","3,445.34","3,480.18","3,440.93",37.75,3463.656,3461.788,3454.871,-20.65,-25.185,9.071,59.11391111,64.71983938,47.90205458,44.853,44.342,44.342,-0.483,-0.36,-0.563,58.333,63.889,-14.81286895,47.605,3460.944833
20220228,"3,462.31","3,450.32","3,462.31","3,425.52",34.58,3457.996,3465.131,3451.7815,-19.232,-23.995,9.526,61.91171999,63.78379959,58.16756081,45.864,32.493,32.493,-0.032,0.011,-0.12,58.333,62.5,-57.77244945,47.871,3456.258708
20220301,"3,488.83","3,471.36","3,491.13","3,465.72",32.6,3464.332,3469.405,3454.57,-15.786,-22.353,13.134,73.3866661,66.98475509,86.19048813,48.27,3.663,2.53,0.742,0.714,0.729,66.667,62.5,84.41837131,44.76,3462.326667
20220302,"3,484.19","3,478.29","3,486.62","3,467.00",32.94,3463.34,3471.241,3455.996,-13.276,-20.538,14.522,79.355288,71.10826606,95.84933188,47.881,8.707,7.633,0.477,0.447,0.681,66.667,62.5,72.86653185,43.6335,3467.693792
20220303,"3,481.11","3,495.93","3,500.29","3,473.34",41.26,3473.57,3472.548,3460.339,-11.405,-18.711,14.613,79.84863591,74.02172268,91.50246238,47.616,19.165,19.165,0.427,0.274,0.642,58.333,61.111,90.7757044,41.764,3470.740792
20220304,"3,447.65","3,459.98","3,474.88","3,437.70",39.35,3472.818,3468.237,3464.6495,-12.477,-17.464,9.974,69.03311672,72.35885403,62.38164211,44.8,52.598,70.403,-0.623,-0.647,-0.234,50,59.722,-56.75506131,40.91,3468.745083
20220307,"3,372.86","3,438.56","3,438.56","3,360.74",39.36,3454.928,3456.462,3461.8135,-19.142,-17.8,-2.684,48.91709752,64.54493519,17.66142218,39.37,91.315,91.315,-2.41,-2.579,-2.327,41.667,56.944,-267.0415758,41.626,3453.50275
20220308,"3,293.53","3,372.55","3,383.63","3,287.34",41.59,3415.868,3440.1,3453.8585,-30.473,-20.335,-20.278,33.58032689,54.22339909,-7.70581751,34.714,97.093,97.093,-3.923,-4.417,-4.437,33.333,52.778,-296.0114436,43.304,3424.740875
20220309,"3,256.39","3,303.71","3,321.48","3,147.68",46.63,3370.308,3416.824,3442.6805,-41.967,-24.661,-34.612,32.66358312,47.03679377,3.917161821,32.817,69.17,69.17,-3.921,-4.957,-5.357,33.333,47.222,-256.4436381,49.961,3391.443458
20220310,"3,296.09","3,312.18","3,326.58","3,291.24",37.83,3333.304,3403.437,3433.1895,-47.327,-29.194,-36.265,35.80538658,43.29299137,20.830177,36.676,57.911,57.911,-1.842,-3.419,-4.128,41.667,43.056,-127.458174,52.2385,3371.480292
20220311,"3,309.75","3,259.32","3,315.66","3,217.42",38.41,3305.724,3389.271,3425.5295,-49.897,-33.335,-33.124,39.19124502,41.92574259,33.7222499,37.955,54.037,50.468,-0.59,-2.593,-3.59,41.667,40.278,-118.3395344,55.1095,3360.039458
20220314,"3,223.53","3,271.89","3,297.80","3,223.53",33.8,3275.858,3365.393,3415.262,-58.22,-38.312,-39.816,33.29783596,39.04977371,21.79396046,33.498,78.489,73.924,-2.081,-4.647,-5.84,41.667,38.889,-118.1201396,57.0455,3341.095292
20220315,"3,063.97","3,192.36","3,196.92","3,063.97",46.5,3229.946,3322.907,3396.156,-76.806,-46.01,-61.59,22.19855731,33.43270158,-0.269731232,27.305,100,100,-5.449,-8.493,-10.045,33.333,37.5,-173.090128,63.731,3296.033375
20220316,"3,170.71","3,107.67","3,177.79","3,023.30",44.47,3212.81,3291.559,3381.4,-81.977,-53.204,-57.546,25.68009287,30.84849868,15.34328127,35.614,69.096,51.395,-1.533,-4.613,-6.551,33.333,37.5,-131.4410081,70.007,3269.565208
20220317,"3,215.04","3,215.01","3,260.17","3,202.93",42.08,3196.6,3264.952,3368.75,-81.558,-58.875,-45.367,32.51122247,31.40273994,34.72818754,38.652,57.54,36.778,0.058,-2.611,-4.955,33.333,37.5,-61.89925371,73.1455,3258.268333
20220318,"3,251.07","3,207.15","3,260.78","3,197.36",37.3,3184.864,3245.294,3356.7655,-77.426,-62.585,-29.683,42.74464851,35.18337613,57.86719326,41.013,45.15,22.093,1.416,-0.937,-3.679,41.667,37.5,-48.72542784,74.13,3264.131375
20220321,"3,253.69","3,255.62","3,267.50","3,223.39",35.42,3190.896,3233.377,3344.9195,-73.098,-64.688,-16.821,53.81846698,41.39507308,78.66525478,41.185,36.061,16.069,1.794,-0.281,-3.372,50,38.889,-34.20247642,75.31,3261.011125
20220322,"3,259.86","3,249.54","3,279.11","3,239.53",36.12,3230.074,3230.01,3335.055,-68.381,-65.426,-5.91,61.87915384,48.2231,89.19126152,41.603,21.999,7.525,1.795,0.39,-2.941,58.333,41.667,-17.83783209,74.642,3259.881458
20220323,"3,271.03","3,264.79","3,279.89","3,251.98",34.99,3250.138,3231.474,3324.149,-63.016,-64.944,3.857,69.49762717,55.31460906,97.86366339,42.376,18.316,3.453,1.054,0.998,-2.37,66.667,47.222,2.764885923,74.357,3265.324333
20220324,"3,250.26","3,256.06","3,266.89","3,236.66",32.9,3257.182,3226.891,3315.164,-59.751,-63.905,8.31,73.89216432,61.50712748,98.662238,41.315,22.37,35.902,0.003,0.468,-2.699,66.667,52.778,0.888953381,71.6285,3265.205375
20220325,"3,212.24","3,247.16","3,257.11","3,211.64",34,3249.416,3217.14,3303.2055,-59.545,-63.033,6.977,73.80643684,65.60689726,90.20551598,39.428,31.169,81.97,-1.152,-0.594,-3.502,66.667,58.333,-20.4439718,71.391,3257.210958
20220328,"3,214.50","3,185.17","3,230.22","3,159.83",34.5,3241.578,3216.237,3290.815,-58.524,-62.131,7.214,74.04287937,68.4188913,85.29085552,39.599,25.484,54.464,-0.897,-0.314,-3.14,66.667,62.5,-50.81562395,73.071,3246.178958
20220329,"3,203.94","3,216.01","3,229.18","3,196.46",31.63,3230.394,3230.234,3276.5705,-57.9,-61.285,6.77,61.60857403,66.14878554,52.52815101,39.061,29.6,63.26,-0.969,-0.369,-3.111,58.333,63.889,-31.30653184,73.266,3234.480542
20220330,"3,266.60","3,217.59","3,266.60","3,216.30",36.68,3229.508,3239.823,3265.691,-51.753,-59.379,15.251,70.71589427,67.67115512,76.80537256,43.789,11.069,11.069,0.932,1.466,-1.013,66.667,65.278,47.26142268,75.3075,3237.468792
20220331,"3,252.20","3,256.14","3,272.04","3,246.06",39.84,3229.896,3243.539,3254.2455,-47.496,-57.002,19.013,72.78944009,69.37725011,79.61382005,42.989,23.063,17.681,0.585,0.529,-1.201,66.667,65.278,64.99781822,75.259,3240.885958
20220401,"3,282.72","3,234.67","3,287.23","3,226.30",37.82,3243.992,3246.704,3245.999,-41.184,-53.839,25.308,80.67961626,73.14470549,95.7494378,45.203,3.54,3.54,1.359,1.18,-0.046,66.667,65.278,77.52974582,76.135,3249.075375
20220406,"3,283.43","3,269.43","3,288.11","3,255.69",42.96,3257.778,3249.678,3241.5275,-35.714,-50.214,29,85.90365437,77.39768845,102.9155862,45.254,3.648,3.648,1.011,1.025,0.237,66.667,65.278,98.52362838,73.4105,3253.751042
20220407,"3,236.70","3,267.81","3,290.26","3,236.48",40.26,3264.33,3247.362,3238.686,-34.748,-47.121,24.745,76.9143788,77.23658523,76.26996592,42.506,41.064,57.1,-0.54,-0.376,-0.878,58.333,63.889,35.75289042,71.285,3252.374625
20220408,"3,251.85","3,239.88","3,257.09","3,208.35",41.38,3261.38,3245.444,3238.459,-32.387,-44.174,23.573,74.79333705,76.42216917,71.5356728,43.663,29.449,46.893,-0.319,0.095,-0.122,58.333,63.889,-27.4804771,65.032,3251.703292
20220411,"3,167.13","3,239.85","3,239.85","3,156.51",42.42,3244.366,3237.131,3232.011,-36.927,-42.725,11.595,52.50895367,68.45109734,20.62466633,39.073,92.06,92.06,-2.42,-2.281,-2.373,50,61.111,-173.4876421,66.2895,3234.323167
20220412,"3,213.33","3,165.12","3,214.54","3,140.90",41.83,3230.488,3237.24,3227.19,-36.377,-41.455,10.156,51.1704933,62.69089599,28.12968793,42.512,51.506,51.506,-0.798,-0.708,-0.746,50,58.333,-129.419821,65.0595,3228.34875
20220413,"3,186.82","3,199.80","3,225.47","3,183.53",39.12,3211.166,3234.472,3225.3545,-37.647,-40.693,6.094,44.36183217,56.58120805,19.92308041,41.122,69.255,69.255,-1.129,-1.366,-1.429,50,55.556,-87.14318345,62.8455,3217.153208
20220414,"3,225.64","3,203.63","3,240.00","3,200.23",37.12,3208.954,3236.642,3233.438,-35.115,-39.578,8.925,48.48635625,53.88292412,37.6932205,43.923,43.265,43.265,0.375,-0.199,-0.189,58.333,54.167,-22.74994152,57.5265,3221.921167
20220415,"3,211.24","3,210.70","3,229.87","3,200.13",40.78,3200.832,3231.106,3235.4645,-33.881,-38.438,9.115,48.02232712,51.92939179,40.2081978,43.129,52.906,39.461,0.059,-0.636,-0.526,50,52.778,-38.21302146,51.289,3221.124875
20220418,"3,195.52","3,185.94","3,204.03","3,166.98",34.74,3206.51,3225.438,3234.4885,-33.781,-37.507,7.451,44.20467229,49.35448529,33.90504629,42.259,63.431,44.884,-0.138,-1.101,-0.867,50,51.389,-89.41629539,49.029,3219.083375
20220419,"3,194.03","3,192.09","3,207.83","3,174.71",33.99,3202.65,3216.569,3231.6365,-33.438,-36.693,6.511,41.32703916,46.67866991,30.62377765,42.174,64.428,46.387,-0.325,-0.962,-0.875,41.667,50,-77.91662472,47.514,3215.345167
20220420,"3,151.05","3,189.89","3,191.83","3,142.05",36.2,3195.496,3203.331,3226.5045,-36.216,-36.598,0.764,30.46325662,41.27353215,8.842705562,39.788,93.204,90.812,-1.346,-2.039,-2.319,41.667,48.611,-128.8537468,47.9075,3204.344042
20220421,"3,079.81","3,138.43","3,160.90","3,069.68",39.19,3166.33,3187.642,3217.502,-43.662,-38.011,-11.304,22.29138041,34.94614823,-3.018155238,36.242,94.595,94.052,-3.035,-3.747,-4.415,33.333,45.833,-198.1211609,50.4895,3183.764875
20220422,"3,086.92","3,058.40","3,105.66","3,049.36",34.2,3141.466,3171.149,3208.2965,-48.432,-40.095,-16.674,21.42827235,30.44018961,3.404437839,36.828,80.298,79.192,-2.099,-3.029,-4.036,33.333,41.667,-194.060855,51.909,3162.663708
20220425,"2,928.51","3,034.27","3,043.82","2,928.51",43.36,3088.064,3147.287,3192.209,-64.254,-44.927,-38.654,14.2855149,25.05529804,-7.254051374,30.341,100,100,-5.714,-7.257,-8.578,33.333,38.889,-248.2819367,58.111,3121.895792
20220426,"2,886.43","2,930.45","2,957.68","2,878.26",40.16,3026.544,3114.597,3175.9185,-79.274,-51.796,-54.956,10.27651934,20.12903847,-9.428518919,28.928,97.741,97.521,-5.501,-7.699,-9.459,25,34.722,-208.7143375,59.8085,3081.2165
20220427,"2,958.28","2,866.82","2,959.18","2,863.65",42.31,2987.99,3091.743,3163.1075,-84.407,-58.318,-52.178,15.46423264,18.57410319,9.244491518,34.372,74.856,71.165,-1.887,-4.872,-6.838,33.333,33.333,-143.6558494,61.0655,3053.119792
20220428,"2,975.48","2,945.81","2,991.51","2,936.79",37.54,2967.124,3066.727,3151.6845,-86.095,-63.874,-44.443,21.14006157,19.42942265,24.56133941,35.604,69.464,62.378,-0.349,-3.705,-5.932,33.333,31.944,-94.16020413,62.1655,3041.907583
20220429,"3,047.06","2,986.06","3,048.49","2,968.33",42.39,2959.152,3050.309,3140.7075,-80.726,-67.244,-26.964,31.85636661,23.57173731,48.42562523,40.458,46.711,24.214,2.235,-1.016,-3.41,41.667,33.333,-49.42699267,63.0405,3048.272917
20220505,"3,067.76","3,044.85","3,082.23","3,042.12",38.31,2987.002,3037.533,3131.4855,-73.948,-68.585,-10.727,41.96908687,29.70418716,66.4988863,41.782,40.697,6.62,3.04,0.084,-2.568,41.667,34.722,-15.82427168,63.747,3051.00325
20220506,"3,001.56","3,011.32","3,030.69","2,992.72",34.33,3010.028,3018.286,3117.4275,-73.076,-69.483,-7.186,43.44448797,34.28428743,61.76488905,38.896,57.977,36.906,0.406,-1.514,-4.401,41.667,36.111,-46.63354205,64.4525,3048.3375
20220509,"3,004.14","2,990.20","3,015.94","2,983.61",29.21,3019.2,3003.595,3103.463,-71.355,-69.858,-2.994,48.31343204,38.96066897,67.01895819,39.067,52.737,35.726,-0.163,-0.911,-4.065,50,40.278,-43.59524356,64.448,3042.187208
20220510,"3,035.84","2,965.78","3,043.78","2,957.40",37.07,3031.272,2999.198,3093.42,-66.664,-69.219,5.11,58.46783779,45.46305858,84.47739622,41.18,28.85,31.896,0.459,0.572,-2.754,58.333,44.444,-26.96916557,66.078,3036.9525
20220511,"3,058.70","3,035.39","3,100.90","3,034.67",42.4,3033.6,2996.376,3083.7625,-60.405,-67.456,14.102,66.38284374,52.4363203,94.27589062,42.676,17.787,29.408,0.753,1.588,-1.768,66.667,50,30.87496447,66.9525,3040.843333
20220512,"3,054.99","3,044.80","3,072.16","3,032.95",34.44,3031.046,3009.024,3078.1555,-55.11,-64.987,19.755,71.13826393,58.67030151,96.07418878,42.493,19.351,31.993,0.587,1.535,-1.587,66.667,54.167,35.485836,64.146,3043.492417
20220513,"3,084.28","3,068.03","3,086.10","3,059.25",33.17,3047.59,3028.809,3071.703,-47.996,-61.589,27.186,77.38305809,64.90788704,102.3334002,44.455,7.005,11.582,1.459,2.516,-0.377,66.667,58.333,80.87429528,62.0195,3046.549292
20220516,"3,073.75","3,100.55","3,102.58","3,063.40",33.81,3061.512,3040.356,3066.0495,-42.715,-57.814,30.197,78.30266967,69.37281458,96.16237984,43.893,17.389,19.858,0.714,1.757,-0.499,66.667,62.5,91.06584252,61.8815,3052.423833
20220517,"3,093.70","3,076.50","3,093.70","3,057.64",33.04,3073.084,3052.178,3059.4525,-36.5,-53.551,34.102,83.49626478,74.08063131,102.3275317,45.261,6.117,6.117,0.875,1.835,0.361,75,66.667,93.35547605,61.0255,3062.050208
20220518,"3,085.98","3,095.89","3,105.84","3,071.30",31.5,3078.54,3056.07,3053.1895,-31.831,-49.207,34.753,84.53779549,77.56635271,98.48068107,44.82,13.379,27.247,0.349,1.226,0.22,66.667,68.056,87.99269987,61.2655,3065.375708
20220519,"3,096.96","3,046.71","3,096.96","3,042.67",33.66,3086.934,3058.99,3048.2615,-26.933,-44.752,35.638,87.69779198,80.94349913,101.2063777,45.607,5.982,12.183,0.498,1.25,0.735,66.667,68.056,67.28973307,61.767,3070.202875
20220520,"3,146.57","3,107.09","3,146.57","3,107.09",37.23,3099.392,3073.491,3045.8885,-18.832,-39.568,41.472,91.79852799,84.56184208,106.2718998,49.033,0,0,1.605,2.594,2.405,66.667,68.056,151.4555035,62.5915,3079.904417
20220523,"3,146.86","3,150.49","3,150.51","3,127.90",35.34,3114.014,3087.763,3045.679,-12.247,-34.104,43.714,93.49741948,87.54036788,105.4115227,49.053,1.89,3.385,1.273,2.383,2.524,66.667,68.056,158.2478106,61.123,3089.180792
20220524,"3,070.93","3,149.06","3,153.13","3,070.93",41.63,3109.46,3091.272,3045.235,-13.006,-29.884,33.757,72.86581169,82.64884915,53.29973676,44.394,68.397,74.416,-1.156,-0.275,0.241,66.667,68.056,60.603067,60.672,3088.228333
20220525,"3,107.46","3,070.17","3,107.63","3,069.95",34.23,3113.756,3096.148,3046.262,-10.538,-26.015,30.955,68.12878,77.8088261,48.76868781,46.924,38.001,41.345,-0.054,0.63,1.555,66.667,66.667,47.62301342,59.741,3087.95175
20220526,"3,123.11","3,111.48","3,133.28","3,079.48",37.03,3118.986,3102.96,3055.992,-7.235,-22.259,30.047,69.69343376,75.10369532,58.87291063,47.983,27.177,27.177,0.25,0.899,2.165,66.667,66.667,78.39842692,54.5105,3091.770292
20220527,"3,130.24","3,135.03","3,151.05","3,112.54",35.95,3115.72,3107.556,3068.1825,-3.997,-18.607,29.219,72.88814468,74.36517844,69.93407717,48.471,20.722,27.519,0.301,0.935,2.427,66.667,66.667,111.0708066,52.465,3102.6375
20220530,"3,149.06","3,141.96","3,150.89","3,123.15",34.94,3116.16,3115.087,3077.7215,0.087,-14.868,29.91,80.69723255,76.47586315,89.13997137,49.77,3.685,4.893,0.89,1.286,2.946,75,68.056,118.6673649,49.0755,3110.552458
20220531,"3,186.43","3,149.94","3,188.60","3,142.00",37.45,3139.26,3124.36,3088.269,6.267,-10.641,33.816,86.63581693,79.86251441,100.182422,52.264,1.487,1.829,1.872,2.208,4.027,75,69.444,157.998268,48.6695,3122.242875
20220601,"3,182.16","3,179.69","3,190.61","3,160.04",36.57,3154.2,3133.978,3095.024,10.697,-6.373,34.14,88.7561615,82.82706344,100.6143576,51.956,5.712,7.003,1.136,1.776,3.53,75,70.833,140.513125,46.19,3135.151417
20220602,"3,195.46","3,170.31","3,197.28","3,163.76",36.18,3168.67,3143.828,3101.409,15.106,-2.077,34.368,92.02765541,85.89392743,104.2951114,52.858,1.429,1.545,1.088,1.925,3.529,75,72.222,130.6175019,45.8605,3146.401
20220606,"3,236.37","3,196.96","3,237.07","3,181.65",42.2,3189.896,3152.808,3113.1495,21.653,2.669,37.968,94.54548337,88.77777941,106.0808913,55.536,0.419,0.562,1.774,2.819,4.462,83.333,75,165.195287,44.8795,3161.350083
20220607,"3,241.76","3,235.42","3,253.09","3,222.64",40.22,3208.436,3162.298,3125.0305,26.965,7.528,38.874,94.30148092,90.61901325,101.6664163,55.881,6.187,8.719,1.351,2.597,4.263,83.333,77.778,162.3559327,44.7855,3176.950333
20220608,"3,263.79","3,245.02","3,266.63","3,216.01",43.42,3223.908,3181.584,3136.428,32.576,12.537,40.078,95.69515417,92.31106022,102.4633421,57.292,1.444,2.279,1.434,2.976,4.668,83.333,79.167,140.7077369,42.9975,3192.716375
20220609,"3,238.95","3,259.49","3,270.56","3,223.48",42.27,3235.266,3194.733,3145.4405,34.62,16.954,35.333,90.46217045,91.69476363,87.99698409,55.214,16.543,28.601,0.389,1.945,3.634,75,79.167,113.8657165,42.04,3199.291375
20220610,"3,284.83","3,214.18","3,286.62","3,210.81",43.99,3253.14,3210.905,3156.9325,39.487,21.461,36.053,93.27644625,92.22199117,95.38535642,58.141,1.028,1.457,1.273,2.813,4.706,83.333,80.556,115.6307564,43.87,3214.487708
20220613,"3,255.55","3,256.27","3,272.99","3,229.31",43.86,3256.976,3223.436,3165.496,40.515,25.271,30.486,88.35633457,90.93343897,83.20212576,55.716,19.007,29.599,0.062,1.504,3.428,75,80.556,88.60263904,45.0905,3221.530875
20220614,"3,288.91","3,224.21","3,289.13","3,195.82",45.04,3266.406,3237.421,3176.254,43.519,28.921,29.196,92.18074847,91.3492088,93.84382779,57.808,0.15,0.236,0.816,2.104,4.139,75,79.167,82.44265455,47.797,3234.027042
20220615,"3,305.41","3,289.10","3,358.55","3,288.85",55.06,3274.73,3249.319,3186.8395,46.693,32.475,28.435,85.6936119,89.46400984,78.15281603,58.812,26.769,32.655,0.993,2.154,4.322,75,77.778,142.2171158,49.479,3244.689875
20220616,"3,285.38","3,306.84","3,319.69","3,277.53",43.32,3284.016,3259.641,3196.8095,47.05,35.39,23.319,76.6749574,85.20099236,59.62288748,57.091,37.564,44.964,0.271,1.179,3.376,66.667,75,101.7146859,49.86,3253.407792
20220617,"3,316.79","3,265.51","3,323.28","3,262.89",39.53,3290.408,3271.774,3207.801,49.299,38.172,22.254,75.89592502,82.09930324,63.48916857,59.052,23.607,25.662,0.83,1.806,4.047,66.667,73.611,104.5531221,50.165,3264.438167
20220620,"3,315.43","3,315.78","3,333.90","3,292.93",41.35,3302.384,3279.68,3216.244,50.391,40.616,19.55,75.09799004,79.76553217,65.76290576,58.93,26.498,26.498,0.633,1.419,3.677,66.667,70.833,118.8470702,49.733,3271.435375
20220621,"3,306.72","3,313.79","3,329.39","3,279.83",39.45,3305.946,3286.176,3224.237,49.977,42.488,14.978,72.78189196,77.4376521,63.47037168,58.13,31.85,31.85,0.109,0.866,3.119,58.333,68.056,90.25684195,51.0805,3279.661958
20220622,"3,267.20","3,309.12","3,311.02","3,266.54",37.55,3298.304,3286.517,3234.0505,45.931,43.177,5.509,63.14261775,72.67264065,44.08257194,54.617,56.136,95.494,-0.979,-0.417,1.647,50,63.889,33.63760201,49.1945,3277.720542
20220623,"3,320.15","3,269.05","3,320.15","3,262.29",40.06,3305.258,3294.637,3244.685,46.461,43.834,5.256,67.56262187,70.96930106,60.7492635,58.152,23.597,19.201,0.551,0.995,2.996,50,59.722,63.74747089,50.2035,3283.019792
20220624,"3,349.75","3,324.74","3,356.71","3,322.95",39.08,3311.85,3301.129,3256.017,48.709,44.809,7.8,76.57250438,72.8370355,84.04344215,59.971,5.408,7.371,1.119,1.674,3.642,50,56.944,143.6590419,49.3415,3293.911542
20220627,"3,379.19","3,364.00","3,393.31","3,364.00",41.41,3324.602,3313.493,3268.4645,52.263,46.3,11.927,80.78934272,75.48780457,91.39241901,61.699,7.15,10.777,1.689,2.205,4.241,58.333,55.556,189.4866606,49.594,3311.877583
20220628,"3,409.21","3,377.68","3,412.10","3,358.87",41.21,3345.1,3325.523,3281.472,56.847,48.409,16.875,86.54985841,79.17515585,101.2992635,63.381,1.929,1.929,2.112,2.791,4.712,58.333,54.167,180.6776319,50.8685,3329.049875
20220629,"3,361.52","3,399.68","3,414.65","3,358.47",44.06,3363.964,3331.134,3290.2265,55.986,49.924,12.123,79.40945317,79.25325496,79.72184959,59.08,34.871,34.871,0.409,1.084,2.912,58.333,54.167,122.8848738,51.3475,3336.710375
20220630,"3,398.62","3,358.93","3,417.01","3,358.93",38.12,3379.658,3342.458,3301.0495,57.633,51.466,12.334,82.31097292,80.27249428,86.38793019,61.217,11.886,11.886,0.857,1.919,3.684,58.333,55.556,118.005763,52.723,3348.79675
20220701,"3,387.64","3,400.26","3,404.05","3,378.36",35.05,3387.236,3349.543,3310.6585,57.39,52.651,9.479,81.87975582,80.80824812,84.0227712,60.245,18.983,31.225,0.197,1.382,3.012,50,55.556,95.62319338,52.3315,3353.926708
20220704,"3,405.43","3,381.82","3,405.62","3,364.09",35.77,3392.484,3358.543,3319.1115,57.966,53.714,8.504,85.42500784,82.34716803,91.58068746,61.284,7.484,19.781,0.447,1.61,3.217,58.333,56.944,84.81672864,51.637,3364.520167
20220705,"3,404.03","3,411.13","3,424.84","3,372.06",41.17,3391.448,3368.274,3327.225,57.644,54.5,6.289,86.01593366,83.57008991,90.90762117,61.153,12.802,31.355,0.283,1.348,2.892,50,55.556,84.51899727,52.7535,3369.851875
20220706,"3,355.35","3,391.03","3,391.03","3,333.10",38.46,3390.214,3377.089,3331.803,52.852,54.17,-2.636,67.94362208,78.3612673,47.10833165,56.745,42.75,75.747,-0.889,-0.2,1.2,50,54.167,13.46503033,53.769,3366.893042
20220707,"3,364.40","3,353.13","3,375.86","3,332.31",33.44,3383.37,3381.514,3338.0755,49.217,53.18,-7.925,56.85596276,71.19283245,28.18222337,57.342,59.319,65.319,-0.635,-0.073,1.258,58.333,54.167,2.68393365,53.5925,3366.363667
20220708,"3,356.08","3,380.37","3,386.31","3,354.12",32.29,3377.058,3382.147,3341.638,45.145,51.573,-12.856,46.46696375,62.95087622,13.49913882,56.593,74.311,74.311,-0.673,-0.539,0.856,58.333,54.167,12.53924255,51.4115,3363.337625
20220711,"3,313.58","3,341.10","3,341.10","3,297.00",34.27,3358.688,3375.586,3344.5395,38.049,48.868,-21.637,35.30108806,53.73428016,-1.565296154,52.912,87.031,87.031,-1.571,-1.783,-0.51,50,54.167,-99.43699609,51.5895,3357.359458
20220712,"3,281.47","3,307.22","3,319.25","3,277.08",33.46,3334.176,3362.812,3344.1675,29.495,44.994,-30.997,24.52440341,43.99765458,-14.42209893,50.33,97.029,97.029,-1.923,-2.57,-1.496,41.667,51.389,-162.5943956,49.0325,3343.768125
20220713,"3,284.29","3,279.60","3,297.02","3,266.48",33.18,3319.964,3355.089,3343.1115,22.682,40.531,-35.698,20.09844457,36.03125124,-11.76716877,50.551,88.753,85.701,-1.25,-2.257,-1.468,41.667,50,-173.9441405,47.0745,3330.555375
20220714,"3,281.74","3,277.45","3,299.25","3,261.49",35.59,3303.432,3343.401,3342.9295,16.882,35.801,-37.838,17.53119445,29.86456565,-7.135547934,50.34,87.603,83.777,-0.961,-2.023,-1.54,33.333,47.222,-140.0074775,46.8545,3322.133833
20220715,"3,228.06","3,261.38","3,288.92","3,228.06",38.02,3277.828,3327.443,3338.493,7.864,30.214,-44.701,11.68746297,23.80553142,-12.54867394,46.104,100,100,-1.909,-3.305,-3.117,33.333,43.056,-147.4143329,46.878,3308.112625
20220718,"3,278.10","3,235.09","3,278.47","3,226.23",34.83,3270.732,3314.71,3336.6265,4.7,25.111,-40.822,18.28314683,21.96473656,10.91996738,50.182,73.883,54.845,0.007,-1.51,-1.602,33.333,38.889,-104.596786,47.4415,3301.370167
20220719,"3,279.43","3,278.72","3,283.93","3,256.02",31.57,3270.324,3302.25,3335.262,2.274,20.544,-36.54,23.26655899,22.39867737,25.00232224,50.286,67.718,42.808,0.222,-1.202,-1.53,41.667,37.5,-74.9948072,46.359,3297.15925
20220720,"3,304.72","3,291.55","3,308.35","3,287.74",30.15,3274.41,3297.187,3337.138,2.365,16.908,-29.087,31.85495071,25.55076848,44.46331515,52.269,50.968,4.42,0.875,-0.188,-0.795,41.667,37.5,-32.27865223,45.581,3302.887208
20220721,"3,272.00","3,297.66","3,300.53","3,272.00",33.24,3272.462,3287.947,3334.7305,-0.202,13.486,-27.375,34.51831454,28.5399505,46.47504263,49.598,71.408,44.264,-0.061,-0.847,-1.722,41.667,37.5,-52.15927212,44.324,3298.514292
20220722,"3,269.97","3,276.20","3,293.64","3,246.73",30.07,3280.844,3279.336,3330.7415,-2.372,10.314,-25.372,38.68625829,31.9220531,52.21466867,49.435,61.922,46.736,-0.063,-0.694,-1.727,41.667,38.889,-63.32601259,44.8415,3294.459542
20220725,"3,250.39","3,269.71","3,273.18","3,243.03",27.12,3275.302,3273.017,3324.3015,-5.607,7.13,-25.474,35.59762567,33.14724396,40.49838911,47.847,74.027,70.58,-0.775,-1.003,-2.247,33.333,38.889,-86.26579157,44.171,3286.87725
20220726,"3,277.44","3,254.19","3,282.41","3,246.04",25.95,3274.904,3272.614,3317.713,-5.92,4.52,-20.88,44.51840413,36.93763068,59.67995102,50.155,37.64,47.321,0.054,0.021,-1.446,41.667,40.278,-52.9580133,43.328,3284.017625
20220727,"3,275.76","3,271.78","3,282.57","3,265.73",24.91,3269.112,3271.761,3313.425,-6.231,2.37,-17.202,49.78366088,41.21964075,66.91170114,50.011,39.686,49.893,0.022,0.066,-1.442,41.667,40.278,-29.90447131,41.361,3282.487292
20220728,"3,282.58","3,287.50","3,305.71","3,277.11",28.81,3271.228,3271.845,3307.623,-5.86,0.724,-13.169,56.06213859,46.16714003,75.85213571,50.61,31.381,36.902,0.343,0.271,-1.153,50,41.667,49.8513712,39.9545,3282.819917
20220729,"3,253.24","3,282.81","3,294.80","3,246.37",30.73,3267.882,3274.363,3300.903,-7.844,-0.99,-13.708,42.58500605,44.97309537,37.80882741,48.029,67.109,83.711,-0.459,-0.547,-1.882,41.667,41.667,-56.51916418,41.0915,3277.694708
20220801,"3,259.96","3,246.62","3,264.30","3,225.55",29.22,3269.796,3272.549,3293.6295,-8.772,-2.546,-12.452,42.24266104,44.06295059,38.60208193,48.655,58.442,57.073,-0.202,-0.286,-1.494,50,43.056,-122.831386,40.9525,3273.688833
20220802,"3,186.27","3,231.26","3,231.26","3,155.19",39.42,3251.562,3263.233,3282.7415,-15.278,-5.092,-20.371,35.0445803,41.05682716,23.02008657,42.764,79.707,79.352,-2.138,-2.436,-3.508,50,45.833,-290.7076055,43.552,3259.398708
20220803,"3,163.67","3,188.89","3,217.55","3,159.46",32.49,3229.144,3249.128,3273.1575,-22.004,-8.475,-27.058,25.2409878,35.78488071,4.153201995,41.168,94.366,94.366,-2.263,-2.844,-3.907,41.667,45.833,-221.1456611,42.91,3242.414167
20220804,"3,189.04","3,179.43","3,191.00","3,155.70",26.09,3210.436,3240.832,3264.3895,-24.998,-11.779,-26.438,24.32356048,31.96444063,9.041800166,43.631,77.511,77.511,-1.037,-1.838,-2.893,41.667,45.833,-163.8189258,42.4975,3228.815708
20220805,"3,227.03","3,195.23","3,228.89","3,184.45",27.47,3205.194,3236.538,3257.937,-24.03,-14.229,-19.6,32.12499921,32.01796016,32.33907733,47.093,52.272,48.542,0.43,-0.47,-1.513,41.667,44.444,-71.47584256,43.11,3226.666125
20220808,"3,236.93","3,218.85","3,237.97","3,214.08",25.43,3200.588,3235.192,3254.1045,-22.207,-15.825,-12.764,39.51835806,34.51809279,49.51888859,47.961,45.695,25.085,0.824,-0.075,-1.001,50,45.833,-32.40639658,41.3505,3230.402792
20220809,"3,247.43","3,235.74","3,248.77","3,227.54",25.96,3212.82,3232.191,3252.4025,-19.688,-16.598,-6.181,46.77253634,38.60290731,63.1117944,48.89,38.719,1.432,1.217,0.307,-0.543,58.333,47.222,-1.576742017,40.3035,3233.851458
20220810,"3,230.02","3,242.36","3,253.17","3,217.81",25.76,3226.09,3227.617,3249.689,-18.879,-17.054,-3.651,49.04812835,42.08464765,62.97508974,47.426,50.286,23.751,0.446,-0.178,-0.906,58.333,48.611,-11.156947,40.5445,3234.820792
20220811,"3,281.67","3,243.47","3,281.67","3,237.90",30.06,3244.616,3227.526,3249.6855,-13.91,-16.425,5.03,66.03208557,50.06712696,97.96200278,51.888,9.405,0,1.432,1.407,0.774,58.333,51.389,65.85631121,41.239,3243.553042
20220812,"3,276.89","3,275.77","3,288.22","3,272.84",29.99,3254.588,3229.891,3252.127,-10.24,-15.188,9.897,74.51576508,58.216673,107.1139492,51.466,8.517,10.918,0.828,1.256,0.675,58.333,54.167,85.71902689,38.965,3250.302375
20220815,"3,276.09","3,268.37","3,286.89","3,261.82",28.71,3262.42,3231.504,3252.0265,-7.311,-13.613,12.603,79.95939827,65.46424809,108.9496986,51.393,9.118,16.361,0.55,1.249,0.657,50,55.556,74.23008312,37.6065,3256.025375
20220816,"3,277.88","3,278.68","3,295.02","3,271.57",30.36,3268.51,3240.665,3251.949,-4.791,-11.848,14.115,82.53872795,71.15574138,105.3047011,51.553,12.303,22.199,0.395,1.24,0.721,58.333,56.944,86.15583288,37.3835,3257.90975
20220817,"3,292.53","3,282.10","3,296.00","3,263.35",32.61,3281.012,3253.551,3251.3395,-1.592,-9.797,16.409,87.32224774,76.54457683,108.8775896,52.881,2.473,4.438,0.612,1.607,1.157,58.333,56.944,92.91203008,37.57,3261.618417
20220818,"3,277.54","3,286.37","3,289.14","3,270.56",30.17,3280.186,3262.401,3251.6165,-0.265,-7.891,15.252,84.03677193,79.0419752,94.0263654,51.378,16.549,31.773,-0.088,0.908,0.632,58.333,56.944,77.90441614,37.0325,3265.689958
20220819,"3,258.08","3,275.62","3,286.49","3,258.06",33.35,3276.424,3265.506,3251.022,-0.773,-6.467,11.387,73.19209786,77.09201608,65.3922614,49.473,46.289,99.947,-0.562,0.066,0.061,58.333,56.944,49.31495082,36.1085,3264.875292
20220822,"3,277.79","3,249.70","3,278.17","3,247.19",31.45,3276.764,3269.592,3252.392,0.409,-5.092,11.002,74.36492417,76.18298545,70.72880162,51.378,23.289,37.308,0.035,0.443,0.668,58.333,56.944,42.12388184,36.15,3265.875917
20220823,"3,276.22","3,274.43","3,284.60","3,262.63",31.66,3276.432,3272.471,3252.331,1.205,-3.832,10.076,71.5616993,74.64255673,65.39998445,51.218,25.297,40.524,-0.014,0.269,0.657,50,56.944,50.33162449,35.43,3266.780875
20220824,"3,215.20","3,279.17","3,281.88","3,212.39",36.61,3260.966,3270.989,3249.303,-3.052,-3.676,1.249,48.8280802,66.03773122,14.40877817,45.457,96.639,96.639,-1.562,-1.544,-1.146,41.667,54.167,-74.9694594,38.0625,3259.386167
20220825,"3,246.25","3,223.46","3,248.35","3,199.12",33.62,3254.708,3267.447,3247.4865,-3.876,-3.716,-0.319,48.76799071,60.28115105,25.74167003,48.531,51.352,47.645,-0.376,-0.59,-0.161,41.667,51.389,-104.8485976,39.0265,3254.350792
20220826,"3,236.22","3,250.63","3,266.27","3,232.28",30.99,3250.336,3263.38,3246.6355,-5.277,-4.028,-2.498,45.27692637,55.27974283,25.27129346,47.626,61.705,57.537,-0.474,-0.913,-0.452,41.667,48.611,-64.68576689,38.3045,3249.212208
20220829,"3,240.73","3,203.10","3,240.73","3,199.00",29.7,3242.924,3259.844,3245.674,-5.955,-4.414,-3.083,44.52482377,51.69476981,30.18493169,48.08,56.979,51.25,-0.246,-0.671,-0.266,41.667,45.833,-121.3657992,38.4535,3249.5235
20220830,"3,227.22","3,240.18","3,243.75","3,212.63",29.43,3233.124,3254.778,3247.7215,-7.497,-5.03,-4.932,40.11883451,47.83612471,24.68425412,46.811,70.907,67.033,-0.404,-0.959,-0.62,41.667,43.056,-112.8825988,34.771,3245.307667
20220831,"3,202.14","3,216.53","3,232.02","3,184.39",34.44,3230.512,3245.739,3249.645,-10.619,-6.148,-8.942,32.54086192,42.73770378,12.14717821,44.535,83.055,81.793,-0.8,-1.543,-1.29,41.667,41.667,-143.4220178,34.248,3238.32125
20220901,"3,184.98","3,196.54","3,214.56","3,181.63",27.47,3218.258,3236.483,3249.442,-14.314,-7.781,-13.065,22.77836621,36.08459125,-3.834083893,43.04,96.805,96.042,-1.177,-1.837,-1.733,33.333,40.278,-144.459179,34.1295,3230.430083
20220902,"3,186.48","3,189.64","3,198.28","3,173.79",25.05,3208.31,3229.323,3247.4145,-16.925,-9.61,-14.63,19.00292248,30.39070166,-3.772635897,43.214,88.548,86.278,-0.824,-1.522,-1.594,33.333,38.889,-136.7045768,33.132,3221.828417
20220905,"3,199.91","3,183.95","3,199.91","3,172.04",28.07,3200.146,3221.535,3245.5635,-17.707,-11.229,-12.956,21.12637172,27.30259168,8.773931799,44.788,75.24,61.135,-0.218,-0.909,-1.197,41.667,38.889,-110.1140521,33.331,3218.049625
20220906,"3,243.45","3,207.93","3,244.64","3,203.82",31.89,3203.392,3218.258,3245.3645,-14.645,-11.913,-5.465,39.3451343,31.31677255,55.40185779,49.522,34.987,1.639,1.125,0.477,0.045,50,40.278,-6.720819527,34.506,3222.680917
20220907,"3,246.29","3,232.14","3,253.77","3,227.82",30.1,3212.222,3221.367,3246.178,-11.852,-11.9,0.097,52.49561007,38.37638506,80.73406008,49.814,21.203,9.152,1.113,0.647,0.059,50,41.667,37.30997201,34.0355,3228.006792
20220908,"3,235.59","3,245.56","3,253.70","3,233.80",28.17,3222.344,3220.301,3243.874,-10.383,-11.597,2.429,60.91574869,45.88950627,90.96823353,48.704,32.559,22.244,0.605,0.421,-0.282,50,43.056,41.32106176,32.448,3230.951417
20220909,"3,262.05","3,241.18","3,266.20","3,236.51",28.38,3237.458,3222.884,3243.132,-7.002,-10.678,7.352,72.4747019,54.75123815,107.9216294,51.495,4.407,4.407,1.025,1.119,0.501,58.333,47.222,94.14119886,33.2095,3236.503208
20220913,"3,263.80","3,272.05","3,278.17","3,259.66",27.62,3250.236,3225.191,3242.5175,-4.134,-9.369,10.47,77.13646856,62.21298162,106.9834425,51.676,13.54,13.54,0.677,1.128,0.534,58.333,51.389,141.1541497,32.8815,3241.396042
20220914,"3,237.54","3,224.68","3,250.80","3,221.96",25.52,3249.054,3226.223,3240.5005,-3.935,-8.282,8.695,71.99656653,65.47417659,85.04134641,48.817,38.283,54.647,-0.326,0.311,-0.284,58.333,54.167,33.71867767,33.801,3242.649708
20220915,"3,199.92","3,248.97","3,254.18","3,174.39",32.52,3239.78,3226.001,3235.87,-6.735,-7.973,2.476,56.75426744,62.56754021,45.12772192,45.087,73.73,75.4,-1.263,-0.75,-1.34,50,54.167,-53.0604261,36.158,3233.650625
20220916,"3,126.40","3,189.83","3,191.83","3,126.40",31.65,3217.942,3220.143,3228.313,-14.717,-9.322,-10.79,37.8361783,54.3237529,4.861029081,39.01,100,100,-2.933,-2.777,-3.42,50,54.167,-184.9030692,38.7355,3213.215542
20220919,"3,115.60","3,122.75","3,135.56","3,101.22",24.91,3188.652,3213.055,3221.189,-21.664,-11.79,-19.748,27.93298201,45.52682927,-7.254712519,38.22,91.873,91.873,-2.664,-2.895,-3.554,50,54.167,-194.2047484,39.031,3194.470375
20220920,"3,122.41","3,127.84","3,140.03","3,114.04",21.99,3160.374,3205.305,3213.42,-26.317,-14.696,-23.243,22.61369941,37.88911932,-7.937140402,39.032,88.025,88.025,-1.737,-2.525,-3.149,58.333,54.167,-140.2235227,38.7815,3178.947083
20220921,"3,117.18","3,116.01","3,129.82","3,091.30",23.3,3136.302,3192.678,3205.468,-30.08,-17.773,-24.615,19.6921996,31.82347941,-4.570360023,38.625,86.151,84.111,-1.142,-2.512,-3.092,50,52.778,-129.1627619,39.609,3168.637833
20220922,"3,108.91","3,098.77","3,125.68","3,092.82",22.11,3118.1,3178.94,3200.1535,-33.345,-20.887,-24.916,16.26935424,26.63877102,-4.469479331,37.972,90.576,89.188,-0.729,-2.54,-3.137,41.667,50,-110.1439374,37.7775,3159.496292
20220923,"3,088.37","3,106.81","3,124.66","3,072.24",24.31,3110.494,3164.218,3192.2595,-37.162,-24.142,-26.039,13.45715573,22.24489926,-4.118331333,36.378,92.167,86.512,-0.796,-2.79,-3.565,33.333,47.222,-104.6585616,37.937,3146.807375
20220926,"3,051.23","3,067.57","3,102.65","3,048.51",26.27,3097.62,3143.136,3183.01,-42.691,-27.852,-29.679,9.412272794,17.9673571,-7.697895823,33.708,98.816,97.028,-1.593,-3.465,-4.443,25,43.056,-111.2612083,38.9445,3131.803333
20220927,"3,093.86","3,056.39","3,094.04","3,048.36",23.27,3091.91,3126.142,3175.6665,-43.136,-30.909,-24.455,13.64374692,16.52615371,7.878933343,39.065,77.893,50.365,-0.101,-1.749,-2.876,33.333,40.278,-86.56321433,39.142,3124.85475
20220928,"3,045.07","3,089.10","3,089.10","3,044.86",23.01,3077.488,3106.895,3166.559,-46.885,-34.104,-25.563,9.143460047,14.06525582,-0.7001315,35.627,99.9,99.753,-1.266,-2.74,-4.195,25,34.722,-95.18741871,40.036,3111.226625
20220929,"3,041.20","3,067.47","3,076.76","3,026.08",23,3063.946,3091.023,3158.512,-49.597,-37.203,-24.789,10.51863257,12.88304807,5.789801574,35.369,90.878,84.819,-0.985,-2.285,-4.059,16.667,29.167,-98.19007173,40.1885,3100.575708
20220930,"3,024.39","3,042.17","3,054.61","3,021.93",20.41,3051.15,3080.822,3150.4825,-52.497,-40.262,-24.472,7.706748556,11.1576149,0.80501587,34.246,97.917,97.605,-1.078,-2.267,-4.323,16.667,25,-109.5471019,40.176,3084.816875
20221010,"2,974.15","3,026.94","3,029.45","2,968.28",24.34,3035.734,3066.677,3139.866,-58.179,-43.845,-28.668,6.349090676,9.554773492,-0.062274955,31.162,96.582,95.631,-2.112,-3.303,-5.58,16.667,22.222,-151.9610272,42.01,3066.790042
20221011,"2,979.79","2,978.06","2,986.91","2,953.50",20.86,3012.92,3052.415,3128.86,-61.518,-47.38,-28.276,9.322361996,9.477302993,9.012480001,31.881,85.09,81.294,-1.54,-2.733,-5.091,25,22.222,-154.2995551,42.287,3052.89
20221012,"3,025.51","2,976.72","3,025.51","2,934.09",24.8,3009.008,3043.248,3117.963,-59.785,-49.861,-19.849,22.20553261,13.7200462,39.17650544,37.408,52.284,41.023,0.348,-0.998,-3.408,33.333,22.222,-110.3041399,44.6215,3045.534292
20221013,"3,016.36","3,008.30","3,036.25","3,004.50",24.97,3004.04,3033.993,3106.4665,-58.477,-51.584,-13.785,31.0728705,19.50432097,54.20996957,36.785,56.83,42.335,0.204,-1.011,-3.484,25,22.222,-63.37294159,44.9115,3042.772042
20221014,"3,071.99","3,035.03","3,084.27","3,035.03",27.73,3013.56,3032.355,3098.2865,-52.347,-51.737,-1.221,49.45339434,29.48734542,89.38549217,42.829,18.189,8.177,1.878,0.939,-1.553,33.333,25,14.85375042,47.312,3048.751833
20221017,"3,084.94","3,060.52","3,087.19","3,052.71",26.26,3035.718,3035.726,3089.431,-45.915,-50.572,9.314,65.40769695,41.46079593,113.301499,44.126,5.689,1.47,1.966,1.431,-0.986,41.667,29.167,43.8261009,47.5055,3053.514
20221018,"3,080.96","3,094.93","3,099.92","3,074.22",24.56,3055.952,3034.436,3080.289,-40.67,-48.592,15.843,73.12733275,52.01630821,115.3493818,43.808,11.433,11.433,1.239,1.321,-0.899,41.667,33.333,69.73020911,47.865,3060.907875
20221019,"3,044.38","3,073.26","3,081.39","3,044.38",23.09,3059.726,3034.367,3070.631,-39.016,-46.677,15.322,70.920845,58.31782047,96.12689407,40.968,33.492,33.492,-0.316,0.137,-1.81,41.667,36.111,23.44896717,47.6235,3058.741083
20221020,"3,035.05","3,029.30","3,070.26","3,013.69",24.47,3063.464,3033.752,3062.3875,-38.019,-44.945,13.853,67.57443859,61.40335984,79.91659608,40.274,39.118,67.984,-0.673,-0.009,-1.846,33.333,36.111,-5.083111105,46.4625,3051.695
20221021,"3,038.93","3,038.04","3,055.42","3,026.96",24.53,3056.852,3035.206,3058.014,-36.495,-43.255,13.52,66.12341615,62.97671195,72.41682457,40.71,36.779,70.729,-0.668,0.136,-1.424,41.667,38.889,1.30517868,44.2095,3047.911625
20221024,"2,977.56","3,034.75","3,064.42","2,965.17",29.81,3035.376,3035.547,3051.112,-39.781,-42.56,5.559,52.82014151,59.59118847,39.2780476,36.33,73.786,90.805,-2.171,-1.715,-3.04,41.667,40.278,-77.70778324,47.455,3035.357375
20221025,"2,976.28","2,969.16","3,001.72","2,944.26",25.56,3014.44,3035.196,3043.8055,-42.004,-42.449,0.89,42.07025238,53.75087644,18.70900426,36.245,74.558,79.43,-1.628,-1.627,-2.737,41.667,40.278,-117.4999374,49.0285,3023.103458
20221026,"2,999.50","2,977.56","3,028.35","2,977.56",26.87,3005.464,3032.595,3037.9215,-41.415,-42.242,1.655,39.87603531,49.1259294,21.37624715,38.945,64.512,59.717,-0.413,-0.928,-1.709,50,41.667,-49.5368608,49.706,3015.480583
20221027,"2,982.90","3,005.04","3,017.26","2,981.69",26.56,2995.034,3029.249,3031.621,-41.806,-42.155,0.699,34.85846784,44.37010888,15.83518577,37.752,75.177,69.333,-0.626,-1.485,-2.062,41.667,41.667,-58.00573262,49.8415,3011.853583
20221028,"2,915.93","2,967.02","2,974.24","2,908.98",29.25,2970.434,3013.643,3022.999,-46.978,-43.119,-7.716,24.45227419,37.73083065,-2.104838735,33.441,96.36,95.529,-2.211,-3.405,-3.998,33.333,41.667,-156.8997213,50.9165,2997.422667
20221031,"2,893.48","2,893.20","2,926.01","2,885.09",30.2,2953.618,2994.497,3015.1115,-52.285,-44.953,-14.665,17.72620623,31.06262251,-8.946626339,32.157,96.095,95.321,-2.168,-3.823,-4.437,33.333,40.278,-180.011808,50.2555,2977.995375
20221101,"2,969.20","2,899.50","2,969.20","2,896.76",31.98,2952.202,2983.321,3008.8785,-49.807,-45.924,-7.768,26.95851238,29.6945858,21.48636555,40.236,57.152,41.289,0.439,-1.024,-1.736,33.333,38.889,-95.65500591,51.7575,2972.805667
20221102,"3,003.37","2,960.65","3,019.05","2,954.95",32.51,2952.976,2979.22,3006.7935,-44.573,-45.653,2.161,39.95788035,33.11568398,53.64227309,43.409,36.124,17.437,1.44,0.342,-0.461,33.333,37.5,-22.22943073,52.5125,2979.000458
20221103,"2,997.81","2,981.20","3,003.72","2,977.72",25.93,2955.958,2975.496,3004.624,-40.407,-44.604,8.394,47.59064921,37.94067239,66.89060284,43.022,37.144,15.855,1.262,0.389,-0.52,33.333,34.722,-15.34693695,51.2785,2985.349542
20221104,"3,070.80","2,997.00","3,081.59","2,997.00",32.98,2986.932,2978.683,3006.9445,-30.86,-41.855,21.99,63.23006809,46.37047096,96.94926235,49.235,5.491,5.491,3.217,2.757,1.874,41.667,34.722,84.5401102,53.874,2998.60925
20221107,"3,077.82","3,062.86","3,088.19","3,054.46",32.06,3023.8,2988.709,3012.128,-22.469,-37.978,31.018,73.784759,55.50856697,110.3371431,49.785,5.106,5.106,2.523,2.87,2.13,50,37.5,129.4653729,52.502,3013.74575
20221108,"3,064.49","3,077.31","3,078.28","3,047.46",25.65,3042.858,2997.53,3016.363,-16.702,-33.723,34.042,78.63346316,63.2168657,109.4666581,48.739,11.669,12.381,1.119,2.351,1.66,41.667,38.889,109.5301259,52.3725,3028.019083
20221109,"3,048.17","3,064.46","3,073.92","3,046.19",23.56,3051.818,3002.397,3017.496,-13.295,-29.637,32.684,79.1874491,68.5403935,100.4815603,47.466,19.705,30.036,0.145,1.606,1.109,41.667,40.278,91.98574138,49.188,3031.177958
20221110,"3,036.13","3,031.69","3,047.98","3,022.85",27.04,3059.482,3007.72,3018.4845,-11.435,-25.997,29.124,77.58073498,71.55384066,89.63452362,46.53,25.633,47.126,-0.429,1.037,0.693,41.667,41.667,58.64451819,48.8665,3030.562792
20221111,"3,087.29","3,099.65","3,117.74","3,070.30",40.96,3062.78,3024.856,3019.2495,-5.766,-21.951,32.369,80.46064747,74.52277626,92.33638988,50.829,13.088,25.219,0.756,2.49,2.23,41.667,43.056,120.943872,49.5515,3038.211333
20221114,"3,083.40","3,100.87","3,121.41","3,075.22",36.18,3063.896,3043.848,3019.1725,-1.569,-17.874,32.61,79.3623268,76.13595977,85.81506084,50.507,16.92,38.565,0.56,2.077,1.956,41.667,43.056,102.6908042,50.137,3043.746667
20221115,"3,134.08","3,081.14","3,135.59","3,074.50",33.15,3077.814,3060.336,3021.8285,5.78,-13.143,37.847,85.92272347,79.39821434,98.97174173,54.433,0.836,1.339,1.902,3.134,3.477,50,43.056,109.7082941,51.9065,3059.462125
20221116,"3,119.98","3,133.65","3,145.75","3,115.35",30.34,3092.176,3071.997,3025.6085,10.347,-8.445,37.584,84.84035906,81.21226258,92.09655203,53.207,15.337,20.968,1.139,2.036,2.864,50,44.444,108.2171452,51.576,3070.162125
20221117,"3,115.43","3,110.96","3,115.44","3,087.17",28.7,3108.036,3083.759,3029.6275,13.444,-4.068,35.023,81.67008478,81.36486998,82.28051438,52.807,20.383,24.67,0.626,1.483,2.653,41.667,44.444,77.40999473,50.388,3079.685
20221118,"3,097.24","3,116.73","3,126.71","3,096.89",30,3110.026,3086.403,3032.543,14.266,-0.401,29.334,74.62301828,79.11758608,65.63388267,51.2,39.471,64.294,-0.29,0.634,2.036,33.333,43.056,74.10218022,50.456,3081.84575
20221121,"3,085.04","3,078.06","3,085.24","3,056.17",25.6,3110.354,3087.125,3037.917,13.775,2.434,22.681,66.6160507,74.95040762,49.94733686,50.133,49.398,67.772,-0.67,0.002,1.629,33.333,41.667,11.26646736,47.547,3082.001125
20221122,"3,088.94","3,084.23","3,118.12","3,076.32",32.76,3101.326,3089.57,3043.55,13.544,4.656,17.775,62.33584286,70.7455527,45.51642318,50.477,46.225,63.418,-0.574,0.079,1.695,33.333,40.278,41.51001859,46.764,3081.810625
20221123,"3,096.91","3,084.74","3,108.24","3,075.32",32.62,3096.712,3094.444,3048.4205,13.844,6.494,14.701,56.71686242,66.06932261,38.01194205,51.196,39.74,54.521,-0.119,0.286,1.871,33.333,37.5,27.78960734,45.8065,3081.849708
20221124,"3,089.31","3,104.10","3,113.24","3,084.86",26.75,3091.488,3099.762,3053.741,13.316,7.858,10.915,50.14286325,60.76050282,28.90758412,50.467,63.005,53.02,-0.199,-0.028,1.551,33.333,34.722,28.17084468,45.447,3082.774833
20221125,"3,101.69","3,085.46","3,111.42","3,077.97",31.14,3092.378,3101.202,3063.029,13.738,9.034,9.407,50.36688018,57.29596194,36.50871667,51.638,49.185,35.469,0.275,0.228,1.785,41.667,34.722,28.14738907,43.4235,3086.701833
20221128,"3,078.55","3,055.29","3,080.18","3,034.70",30.58,3091.08,3100.717,3072.2825,12.065,9.64,4.85,46.74015935,53.77736108,32.6657559,49.362,60.513,47.435,-0.373,-0.633,0.884,41.667,36.111,-92.42627936,44.727,3087.590208
20221129,"3,149.75","3,096.11","3,152.00","3,096.11",39.15,3103.242,3102.284,3081.31,16.298,10.972,10.652,63.85405338,57.13625851,77.28964311,55.638,1.918,1.918,1.577,1.495,3.006,41.667,37.5,152.020122,44.6135,3098.88125
20221130,"3,151.34","3,141.40","3,158.57","3,137.37",37.27,3114.128,3105.42,3088.7085,19.555,12.688,13.732,73.95711414,62.74321039,96.38492164,55.766,5.837,5.837,1.288,1.361,2.822,50,40.278,181.7449839,42.4685,3108.883792
20221201,"3,165.47","3,187.99","3,198.41","3,164.53",38.7,3129.36,3110.424,3097.0915,23.011,14.753,16.516,75.93109423,67.13917167,93.51493936,56.916,20.121,20.121,1.37,1.73,2.934,50,43.056,202.8175922,43.522,3121.7335
20221202,"3,156.14","3,160.58","3,170.90","3,149.84",30.78,3140.25,3116.314,3101.3585,24.712,16.745,15.935,75.34738027,69.8752412,86.29165841,55.914,25.82,25.82,0.712,1.332,2.267,50,45.833,119.8095918,40.3455,3126.870667
20221205,"3,211.81","3,181.92","3,213.44","3,177.06",44.74,3166.902,3128.991,3108.058,30.204,19.437,21.535,83.26094047,74.33714096,101.1085395,60.269,0.912,0.912,1.892,2.854,3.731,58.333,48.611,167.5263491,41.524,3140.180958
20221206,"3,212.53","3,200.27","3,224.82","3,195.08",37.36,3179.458,3141.35,3115.46,34.22,22.393,23.654,86.68584754,78.45337649,103.1507897,60.322,6.464,9.549,1.198,2.562,3.463,66.667,52.778,145.0967166,41.47,3153.9375
20221207,"3,199.62","3,204.94","3,226.08","3,188.67",35.41,3189.114,3151.621,3123.0325,35.947,25.104,21.686,86.51526632,81.1406731,97.26445277,58.856,13.826,29.828,0.528,1.839,2.769,66.667,56.944,110.675638,41.954,3163.918958
20221208,"3,197.35","3,196.02","3,206.72","3,187.26",32.1,3195.49,3162.425,3131.0935,36.709,27.425,18.568,86.00617156,82.76250592,92.49350283,58.594,15.012,37.684,0.215,1.475,2.522,58.333,58.333,83.65641798,41.661,3168.904833
20221209,"3,206.95","3,197.12","3,212.11","3,182.91",0.37,3205.652,3172.951,3137.0765,37.654,29.471,16.366,85.76452062,83.76317749,89.76720689,59.39,9.996,25.092,0.299,1.484,2.653,58.333,59.722,78.32978649,39.0405,3173.956417
20221212,"3,179.04","3,195.87","3,196.72","3,176.58",33.34,3199.098,3183,3141.8585,35.738,30.724,10.028,72.83410832,80.12015443,58.26201611,56.119,36.193,95.03,-0.693,0.364,1.604,58.333,61.111,46.41078905,38.2495,3176.260458
20221213,"3,176.33","3,179.44","3,187.20","3,171.48",28.58,3191.858,3185.658,3143.971,33.614,31.302,4.624,60.13791902,73.45940929,33.49493846,55.807,56.082,91.117,-0.594,0.082,1.345,50,59.722,30.75811565,35.981,3175.113583
20221214,"3,176.53","3,178.55","3,189.83","3,168.59",26.56,3187.24,3188.177,3146.7985,31.583,31.358,0.449,51.76123597,66.22668485,22.83033821,55.826,64.992,86.189,-0.401,-0.169,1.162,58.333,58.333,23.54046927,35.523,3173.826708
20221215,"3,168.65","3,177.20","3,179.10","3,158.45",24.3,3181.5,3188.495,3149.4595,29.003,30.887,-3.769,39.53484537,57.32940503,3.945726065,54.863,75.328,80.991,-0.487,-0.466,0.803,50,55.556,-7.685144077,34.915,3172.729458
20221216,"3,167.86","3,156.14","3,175.35","3,151.61",25.98,3173.682,3189.667,3152.9905,26.588,30.027,-6.879,33.63018607,49.42966537,2.031227461,54.764,78.179,73.14,-0.358,-0.534,0.665,41.667,52.778,-52.53183518,34.611,3172.021792
20221219,"3,107.11","3,165.31","3,170.26","3,096.10",27.85,3159.296,3179.197,3154.094,19.547,27.931,-16.769,25.24363536,41.36765537,-7.004404668,47.844,91.529,89.058,-1.754,-2.292,-1.23,33.333,48.611,-196.4618506,36.2655,3161.136833
20221220,"3,073.77","3,098.95","3,100.75","3,061.51",21.88,3138.784,3165.321,3153.3355,11.148,24.575,-26.854,19.54268032,34.09266369,-9.557286407,44.616,92.55,90.446,-2.266,-3.131,-2.23,33.333,44.444,-258.4640386,36.4555,3146.93825
20221221,"3,068.41","3,078.33","3,085.80","3,060.55",18.91,3117.16,3152.2,3151.9105,4.013,20.462,-32.899,14.75714186,27.64748974,-11.02355392,44.116,94.814,93.92,-1.875,-2.935,-2.34,25,40.278,-190.7052416,36.072,3130.810333
20221222,"3,054.43","3,085.80","3,096.24","3,044.60",22.36,3094.316,3137.908,3150.1665,-2.738,15.822,-37.121,11.9920958,22.42902509,-8.881762795,42.812,94.132,92.691,-1.683,-2.972,-2.73,16.667,33.333,-147.9050532,37.235,3117.603083
20221223,"3,045.87","3,038.84","3,061.87","3,031.54",19.2,3069.918,3121.8,3147.3755,-8.679,10.922,-39.202,11.01239853,18.6234829,-4.209770233,42.019,91.325,90.035,-1.308,-2.849,-2.952,16.667,27.778,-133.9179279,37.079,3106.261375
20221226,"3,065.56","3,048.20","3,071.84","3,047.35",20.65,3061.608,3110.452,3146.726,-11.664,6.405,-36.138,14.50566497,17.25087693,9.015241061,44.489,78.508,75.476,-0.118,-1.877,-2.294,25,25,-93.93909545,35.028,3098.853375
20221227,"3,095.57","3,077.75","3,098.08","3,074.31",22.22,3065.968,3102.376,3144.017,-11.476,2.829,-28.609,24.13461608,19.54545664,33.31293495,48.011,59.549,7.484,0.923,-0.621,-1.336,25,23.611,-50.69157861,32.9815,3098.803208
20221228,"3,087.40","3,088.62","3,098.65","3,079.43",22.46,3069.766,3093.463,3140.82,-11.849,-0.107,-23.485,29.0373833,22.7094322,41.69328551,47.161,62.144,16.764,0.582,-0.64,-1.594,25,22.222,-44.08648852,32.8825,3100.123542
20221229,"3,073.70","3,076.73","3,086.00","3,064.46",21.56,3073.62,3083.968,3136.2315,-13.1,-2.706,-20.788,29.48897449,24.96927963,38.52836421,45.744,70.684,37.178,0.107,-0.808,-1.994,25,22.222,-54.39708567,31.676,3097.737042
20221230,"3,089.26","3,084.52","3,096.31","3,082.20",21.75,3082.298,3076.108,3132.8875,-12.689,-4.702,-15.973,47.45876727,32.46577551,77.4447508,47.609,58.391,13.992,0.424,-0.071,-1.512,25,23.611,-26.82641936,31.7535,3096.008333
20230103,"3,116.51","3,087.51","3,119.86","3,073.05",28.14,3092.488,3077.048,3128.1225,-10.049,-5.772,-8.554,63.70816973,42.87990691,105.3646954,50.707,3.793,4.62,0.923,0.952,-0.599,33.333,26.389,5.490283988,31.229,3099.1
20230104,"3,123.52","3,117.57","3,129.09","3,109.45",27.33,3098.078,3082.023,3123.672,-7.306,-6.079,-2.456,73.90214903,53.22065429,115.2651385,51.477,5.71,8.618,0.835,1.3,-0.339,41.667,29.167,56.83185897,30.724,3103.630292
20230105,"3,155.22","3,132.76","3,159.43","3,130.23",25.7,3111.642,3090.704,3121.452,-2.546,-5.372,5.652,81.50413553,62.64848137,119.2154439,54.809,3.292,4.433,1.532,2.196,0.686,50,33.333,133.0658905,30.649,3112.059667
20230106,"3,157.64","3,155.07","3,170.74","3,151.84",25.74,3128.43,3101.025,3119.4665,1.406,-4.016,10.845,84.13050913,69.80915729,112.7732128,55.055,9.411,12.326,1.229,2.043,0.761,58.333,38.889,165.9797631,30.621,3119.66475
20230109,"3,176.08","3,169.37","3,183.58","3,165.43",25.81,3145.794,3114.046,3117.923,5.957,-2.022,15.958,87.32161545,75.64664334,110.6715597,56.918,5.505,6.785,1.266,2.342,1.398,66.667,45.833,165.5303093,30.458,3130.167833
20230110,"3,169.51","3,178.02","3,178.16","3,165.14",23.3,3156.394,3124.441,3117.4465,8.931,0.169,17.524,87.61053745,79.63460805,103.5623963,56.054,11.812,12.73,0.627,1.816,1.246,66.667,52.778,122.8458282,29.5905,3136.980792
20230111,"3,161.84","3,172.38","3,184.76","3,160.89",23.77,3164.058,3131.068,3116.722,10.547,2.244,16.605,85.38956861,81.55292823,93.06284936,55.037,19.052,30.434,0.144,1.255,1.052,66.667,58.333,97.82562086,29.998,3141.454458
20230112,"3,163.45","3,167.27","3,171.59","3,153.40",21.67,3165.704,3138.673,3116.068,11.822,4.16,15.323,83.90098594,82.33561414,87.03172955,55.215,17.714,39.079,-0.016,1.043,1.149,66.667,62.5,74.53509569,29.8455,3143.941583
20230113,"3,195.31","3,170.35","3,195.31","3,167.51",22.02,3173.238,3150.834,3117.401,15.227,6.373,17.707,89.26732396,84.64618408,98.50960373,58.601,0,0,0.778,1.79,2.184,66.667,65.278,98.44977356,30.406,3150.173167
20230116,"3,227.59","3,198.52","3,251.37","3,197.32",30.67,3183.54,3164.667,3120.3875,20.297,9.158,22.277,87.25957636,85.51731484,90.74409941,61.665,13.336,24.273,1.423,2.437,3.149,75,68.056,144.1150406,32.022,3162.234167
20230117,"3,224.24","3,229.44","3,231.26","3,211.76",22.66,3194.486,3175.44,3126.244,23.77,12.08,23.379,84.04119245,85.02527404,82.07302927,61.175,19.116,27.692,1.063,1.925,2.977,75,69.444,123.8105752,29.289,3173.907042
20230118,"3,224.41","3,227.59","3,234.82","3,220.37",21.21,3207,3185.529,3133.776,26.234,14.911,22.646,80.33169152,83.46074654,74.07358148,61.191,22.255,27.519,0.779,1.569,2.916,75,70.833,119.2240676,27.7315,3183.318167
20230119,"3,240.28","3,221.52","3,240.28","3,210.38",22.65,3222.366,3194.035,3142.3695,29.131,17.755,22.752,83.11453042,83.34534116,82.65290893,62.72,11.142,11.32,0.863,1.738,3.325,75,72.222,115.0833776,27.964,3192.370917
20230120,"3,264.81","3,247.20","3,267.06","3,247.20",27.32,3236.266,3204.752,3152.8885,33.026,20.809,24.434,88.08315753,84.92461329,94.40024602,64.947,1.98,2.26,1.095,2.131,3.973,75,73.611,141.6227409,26.721,3205.548375
20230130,"3,269.32","3,308.87","3,310.49","3,266.76",35.33,3244.612,3214.076,3164.061,36.061,23.86,24.403,83.31946959,84.38956539,81.17927799,65.344,26.208,36.379,0.85,1.968,3.893,75,75,148.165639,27.4885,3217.544833
20230131,"3,255.67","3,266.14","3,277.25","3,252.01",30.02,3250.898,3222.692,3173.5665,36.939,26.476,20.927,77.24724883,82.0087932,67.72416008,63.087,34.897,54.76,0.284,1.285,3.21,66.667,73.611,97.34281336,27.452,3224.416
20230201,"3,284.92","3,262.20","3,284.92","3,245.41",33.95,3263,3235,3183.034,39.539,29.088,20.902,78.87029252,80.96262631,74.68562495,65.733,16.277,25.542,0.871,1.907,3.841,66.667,72.222,101.3077851,27.8015,3233.254542
20230202,"3,285.67","3,291.78","3,295.76","3,272.41",33.34,3272.078,3247.222,3192.9475,41.186,31.508,19.356,78.60299258,80.17608173,75.45681427,65.799,17.359,24.793,0.578,1.625,3.549,75,72.222,112.1585906,28.008,3242.067917
20230203,"3,263.41","3,275.66","3,275.66","3,235.35",29.33,3271.798,3254.032,3202.433,40.231,33.252,13.957,70.05923875,76.80380074,56.57011477,62.115,41.601,62.656,-0.221,0.673,2.555,75,72.222,55.29629808,29.377,3248.164083
20230206,"3,238.70","3,244.70","3,250.35","3,226.21",26.71,3265.674,3255.143,3209.905,37.053,34.013,6.081,56.13578658,69.91446268,28.57843436,58.333,71.711,85.18,-0.844,-0.282,1.548,66.667,70.833,9.025514909,30.1065,3246.660208
20230207,"3,248.09","3,245.23","3,250.03","3,233.83",25.09,3264.158,3257.528,3216.484,34.89,34.188,1.404,49.98004591,63.26965709,23.40082355,59.315,62.331,68.541,-0.449,-0.128,1.64,66.667,69.444,11.13152932,28.576,3245.388292
20230208,"3,232.11","3,251.50","3,257.11","3,230.44",23.45,3253.596,3258.298,3221.9135,31.523,33.655,-4.264,35.65352214,54.06427878,-1.167991123,56.931,78.294,91.517,-0.82,-0.631,0.949,58.333,68.056,-16.40744995,28.9275,3243.249833
20230209,"3,270.38","3,227.73","3,270.38","3,225.77",25.48,3250.538,3261.308,3227.6715,31.578,33.24,-3.322,41.32095055,49.8165027,24.32984625,60.862,47.344,36.262,0.43,0.427,1.884,66.667,68.056,20.71762702,29.3625,3247.68475
20230210,"3,260.67","3,266.44","3,269.99","3,247.23",26.06,3249.99,3260.894,3232.823,30.488,32.689,-4.403,44.16872248,47.93390929,36.63834884,59.426,58.805,30.046,0.26,0.036,1.356,58.333,65.278,28.20336977,29.575,3249.734708
20230213,"3,284.16","3,256.99","3,285.09","3,252.63",29.72,3259.082,3262.378,3238.227,31.159,32.383,-2.448,57.25454956,51.04078938,69.68206993,61.707,16.574,1.568,0.875,0.644,1.865,58.333,62.5,81.39519711,29.901,3257.201958
20230214,"3,293.28","3,288.97","3,293.73","3,279.19",27.1,3268.12,3266.139,3244.4155,32.058,32.318,-0.52,70.32191193,57.46783023,96.03007533,62.559,3.543,0.662,0.873,0.85,1.924,58.333,61.111,132.1643226,29.977,3263.524708
20230215,"3,280.49","3,294.01","3,296.20","3,274.55",26.99,3277.796,3265.696,3250.348,31.377,32.13,-1.507,72.77932943,62.5716633,93.19466169,60.585,22.306,22.306,0.315,0.429,1.364,50,58.333,91.57036686,29.866,3268.242208
20230216,"3,249.03","3,281.74","3,308.83","3,231.34",38.09,3273.526,3262.032,3254.627,27.975,31.299,-6.647,57.8541705,60.9991657,51.5641801,56.046,71.996,71.996,-0.732,-0.517,0.274,50,56.944,-7.549826831,32.831,3266.951125
20230217,"3,224.02","3,244.73","3,262.47","3,223.26",27.85,3266.196,3258.093,3256.0625,22.997,29.639,-13.283,38.86550091,53.62127743,9.353947862,52.767,99.112,99.112,-1.263,-1.129,-0.559,41.667,52.778,-118.2689469,33.1985,3258.337917
20230220,"3,290.34","3,230.47","3,291.04","3,225.84",32.5,3267.432,3263.257,3259.2,24.125,28.536,-8.822,52.04098721,53.09451403,49.93393357,59.349,21.608,21.608,0.615,0.893,1.329,41.667,50,32.90721018,33.7465,3261.276667
20230221,"3,306.52","3,291.63","3,308.79","3,282.44",32.44,3270.08,3269.1,3263.314,26.024,28.033,-4.019,67.12747673,57.77216826,85.83809366,60.741,2.7,2.7,0.995,1.277,1.639,50,48.611,142.1611565,34.089,3268.925792
20230222,"3,291.15","3,292.05","3,307.03","3,286.72",25.54,3272.212,3275.004,3266.651,25.989,27.625,-3.27,71.19783556,62.24739069,89.0987253,58.746,20.661,20.661,0.536,0.672,1.001,50,47.222,116.0621148,34.382,3276.358167
20230223,"3,287.48","3,293.52","3,307.44","3,275.36",26.23,3279.902,3276.714,3269.011,25.373,27.174,-3.602,72.48177935,65.65885358,86.1276309,58.269,24.95,24.95,0.389,0.459,0.77,41.667,45.833,82.29202303,34.491,3277.821708
20230224,"3,267.16","3,287.26","3,288.39","3,253.97",23.42,3288.53,3277.363,3269.1285,22.981,26.336,-6.71,65.42219516,65.57996744,65.10665059,55.659,48.697,48.673,-0.324,-0.251,0.096,41.667,44.444,2.79314436,34.873,3276.056708
20230227,"3,258.03","3,257.00","3,276.58","3,251.72",24.29,3282.068,3274.75,3268.564,20.116,25.092,-9.952,57.15926329,62.77306606,45.93165776,54.514,59.367,61.193,-0.774,-0.499,-0.226,33.333,43.056,-35.93766973,33.832,3274.315375
20230228,"3,279.61","3,265.74","3,280.42","3,246.14",25.16,3276.686,3273.383,3269.761,19.364,23.946,-9.165,60.057015,61.8677157,56.43561358,56.711,34.147,46.576,-0.062,0.112,0.364,41.667,43.056,-18.38664393,34.284,3273.906292
20230301,"3,312.35","3,279.14","3,315.16","3,272.04",31.84,3280.926,3276.569,3271.1325,21.165,23.39,-4.449,72.35211954,65.36251698,86.33132465,59.785,3.058,4.071,0.905,1.039,1.273,41.667,41.667,109.9474286,34.4645,3278.845208
20230302,"3,310.65","3,308.01","3,320.74","3,306.46",32.85,3285.56,3282.731,3272.3815,22.2,23.152,-1.904,78.0239982,69.58301072,94.90597316,59.555,10.351,13.525,0.754,0.943,1.162,33.333,38.889,136.9396488,34.011,3284.716833
20230303,"3,328.39","3,314.77","3,330.60","3,302.62",34.4,3297.806,3293.168,3275.6305,24.173,23.356,1.633,84.47712438,74.54771527,104.3359426,61.176,2.11,2.617,1.084,1.36,1.627,41.667,38.889,138.233198,32.894,3292.296583
20230306,"3,322.03","3,332.02","3,333.06","3,308.73",34.05,3310.606,3296.337,3279.797,24.936,23.672,2.527,85.42147301,78.17230119,99.91981666,60.272,12.69,12.69,0.611,0.979,1.348,41.667,38.889,118.2013165,32.2505,3297.951958
20230307,"3,285.10","3,320.21","3,342.86","3,284.41",39,3311.704,3294.195,3281.6475,22.303,23.398,-2.19,70.37472339,75.57310859,59.977953,55.323,59.719,59.719,-0.643,-0.297,0.221,41.667,40.278,54.5539927,34.363,3298.685833
20230308,"3,283.25","3,271.88","3,283.25","3,263.69",26.04,3305.884,3293.405,3284.2045,19.839,22.686,-5.695,59.70597771,70.28406496,38.54980321,55.086,61.632,75.294,-0.717,-0.336,0.167,33.333,38.889,-35.50760291,34.1,3295.567375
20230309,"3,276.09","3,285.94","3,289.06","3,260.00",26.4,3298.972,3292.266,3284.49,17.111,21.571,-8.921,50.12587651,63.56466881,23.24829191,54.152,69.034,80.582,-0.752,-0.476,-0.067,25,36.111,-59.07043435,33.3225,3289.665625
20230310,"3,230.08","3,255.51","3,262.15","3,229.50",28.11,3279.31,3288.558,3282.9605,11.108,19.479,-16.74,33.58779911,53.57237891,-6.381360484,48.619,99.488,99.488,-1.746,-1.722,-1.46,25,34.722,-162.9573842,34.4945,3280.068875
20230313,"3,268.70","3,228.12","3,268.70","3,228.12",29.49,3268.644,3289.625,3282.1875,9.36,17.455,-16.19,34.18083825,47.10853202,8.325450687,52.839,64.633,64.633,-0.27,-0.5,-0.308,33.333,33.333,-94.66038964,34.9005,3275.784792
20230314,"3,245.31","3,261.92","3,262.00","3,216.99",31.99,3260.686,3286.195,3279.789,6.017,15.167,-18.3,30.28702688,41.50136364,7.858353353,50.232,77.501,77.501,-0.596,-1.157,-1.038,33.333,31.944,-115.7399534,36.759,3268.968292
20230315,"3,263.31","3,261.03","3,273.12","3,256.86",30.52,3256.698,3281.291,3278.93,4.766,13.087,-16.643,32.45797555,38.48690094,20.40012475,52.129,63.2,35.729,0.067,-0.622,-0.48,41.667,31.944,-43.54626701,37.067,3270.724792
20230316,"3,226.89","3,244.47","3,257.43","3,224.72",32.74,3246.858,3272.915,3277.823,0.826,10.635,-19.618,24.26040297,33.74473495,5.291738997,48.246,92.135,86.263,-0.764,-1.6,-1.548,33.333,31.944,-109.8164607,35.122,3263.517208
20230317,"3,250.55","3,245.26","3,279.92","3,240.16",34.3,3250.952,3265.131,3279.1495,-0.383,8.431,-17.629,25.06107847,30.85018279,13.48286984,50.734,73.338,46.671,0.095,-0.722,-0.784,33.333,33.333,-52.86417152,35.813,3261.933833
20230320,"3,234.91","3,253.93","3,267.99","3,231.65",39.25,3244.194,3256.419,3276.378,-2.574,6.23,-17.608,24.99562394,28.89866317,17.18954546,49.106,85.763,71.524,-0.412,-1.009,-1.188,33.333,34.722,-75.92879164,34.279,3257.497625
20230321,"3,255.65","3,240.84","3,256.00","3,237.89",30.18,3246.262,3253.474,3273.8345,-2.606,4.463,-14.138,34.54451336,30.78061324,42.07231362,51.27,46.358,38.567,0.294,-0.189,-0.523,33.333,34.722,-55.36881639,34.016,3257.19925
20230322,"3,265.75","3,263.41","3,279.39","3,255.74",29.08,3246.75,3251.724,3272.5645,-1.796,3.211,-10.015,48.85731475,36.80618041,72.95958344,52.3,32.344,25.67,0.5,0.265,-0.236,41.667,36.111,-3.561497791,34.1875,3257.827583
20230323,"3,286.65","3,258.78","3,286.65","3,252.99",30.61,3258.702,3252.78,3272.523,0.526,2.674,-4.296,65.9048765,46.50574577,104.703138,54.383,0,0,1.022,0.902,0.323,50,37.5,37.68559912,34.2665,3263.133667
20230324,"3,265.65","3,282.74","3,282.74","3,260.84",32.45,3261.722,3256.337,3272.4475,0.664,2.272,-3.215,67.22110917,53.4108669,94.8415937,52.002,30.146,38.182,0.178,0.303,-0.287,50,40.278,38.20561869,33.836,3265.196458
20230327,"3,251.40","3,261.82","3,261.82","3,229.70",33.79,3265.02,3254.607,3272.116,-0.372,1.743,-4.23,59.17437204,55.33203528,66.85904556,50.439,50.603,61.896,-0.264,-0.072,-0.653,50,43.056,-52.58602503,34.3905,3263.438792
20230328,"3,245.38","3,256.60","3,264.10","3,241.74",29.57,3262.966,3254.614,3270.4045,-1.659,1.063,-5.444,50.56966317,53.74457791,44.21983369,49.779,66.64,72.467,-0.502,-0.296,-0.779,50,45.833,-30.11610669,33.7945,3260.32675
20230329,"3,240.06","3,253.62","3,254.56","3,229.58",29.69,3257.828,3252.289,3266.79,-3.074,0.236,-6.618,39.83424657,49.1078008,21.2871381,49.185,75.23,81.637,-0.586,-0.386,-0.881,41.667,47.222,-75.83497668,32.8875,3256.044375
20230330,"3,261.25","3,243.07","3,263.74","3,220.98",29.99,3252.748,3255.725,3264.32,-2.456,-0.303,-4.307,46.99675115,48.40411758,44.18201829,51.584,38.678,38.678,0.088,0.224,-0.226,50,48.611,-33.5650923,34.3115,3256.392292
20230331,"3,272.86","3,263.41","3,278.42","3,260.04",28.36,3254.19,3257.956,3261.5435,-1.018,-0.446,-1.145,57.66485608,51.49103041,70.01250741,52.856,20.999,15.997,0.515,0.556,0.111,50,48.611,96.91258571,33.8315,3257.612542
20230403,"3,296.40","3,277.34","3,299.73","3,276.42",35.77,3263.19,3264.105,3260.262,1.997,0.043,3.909,70.36704691,57.78303591,95.5350689,55.339,4.229,4.229,1.079,1.1,0.809,58.333,50,171.4498341,33.9585,3264.716542
20230404,"3,312.56","3,297.18","3,312.56","3,290.99",38.59,3276.626,3269.796,3261.635,5.627,1.16,8.934,80.24469794,65.27025659,110.1935806,56.962,0,0,1.258,1.435,1.303,58.333,51.389,183.9039911,32.1145,3273.175833
20230406,"3,312.63","3,302.75","3,314.53","3,296.05",32.72,3291.14,3274.484,3263.104,8.412,2.61,11.603,86.1527988,72.23110399,113.9961884,56.969,2.031,2.031,0.914,1.236,1.303,66.667,54.167,157.2071585,31.968,3281.2785
20230407,"3,327.65","3,312.48","3,328.85","3,308.06",28.3,3304.42,3278.584,3265.682,11.696,4.427,14.537,90.39771581,78.28664127,114.6198649,58.496,1.112,1.112,0.923,1.509,1.763,66.667,58.333,161.0605425,31.5545,3289.67675
20230410,"3,315.36","3,331.51","3,332.72","3,309.92",34.08,3312.92,3283.555,3269.946,13.155,6.173,13.965,88.41978859,81.66435704,101.9306517,56.776,15.536,23.886,0.276,1.007,1.396,58.333,59.722,122.7853102,30.365,3294.264208
20230411,"3,313.57","3,317.08","3,317.45","3,298.25",32.06,3316.354,3289.772,3272.1895,14.006,7.739,12.533,86.56719275,83.29863561,93.10430703,56.524,17.138,34.014,0.016,0.883,1.304,50,59.722,79.57117315,29.296,3297.1605
20230412,"3,327.18","3,316.86","3,330.71","3,315.40",34.3,3319.278,3297.952,3276.283,15.599,9.311,12.575,89.39214914,85.32980679,97.51683385,58.006,4.958,13.276,0.272,1.14,1.663,58.333,59.722,99.35810891,27.5675,3300.709083
20230413,"3,318.36","3,321.27","3,334.47","3,309.25",34.79,3320.424,3305.782,3279.0355,15.965,10.642,10.646,85.7132667,85.45762676,86.22454658,56.699,14.195,41.931,-0.023,0.701,1.339,58.333,59.722,77.73662324,27.438,3303.283875
20230414,"3,338.15","3,326.37","3,340.08","3,316.81",33.83,3322.524,3313.472,3284.5985,17.649,12.043,11.211,89.46493411,86.79339587,94.80801058,58.869,2.411,4.614,0.444,1.064,1.804,66.667,59.722,90.71355225,26.672,3309.719
20230417,"3,385.61","3,337.06","3,385.61","3,336.39",40.28,3336.574,3324.747,3291.3515,22.553,14.145,16.815,92.97662274,88.8544715,101.2209252,63.452,0,0,1.577,2.126,3.098,75,61.111,157.7121166,26.4815,3321.723708
20230418,"3,393.33","3,379.23","3,396.17","3,375.78",34.84,3352.526,3334.44,3299.2725,26.754,16.667,20.174,94.37221646,90.69371982,101.7292098,64.131,2.7,2.9,1.414,2.02,3.139,75,63.889,180.9257859,25.684,3335.951875
20230419,"3,370.13","3,391.35","3,394.96","3,364.64",34.61,3361.116,3340.197,3304.9965,27.89,18.912,17.956,87.38376522,89.59040162,82.97049243,60.603,26.009,29.959,0.437,1.076,2.296,66.667,66.667,137.9999299,26.1455,3344.431
20230420,"3,367.03","3,367.05","3,371.37","3,344.02",35.04,3370.85,3345.637,3310.0605,28.215,20.772,14.885,81.66951451,86.95010592,71.10833169,60.142,29.759,33.525,0.147,0.805,2.021,58.333,66.667,81.89945126,26.326,3347.280542
20230421,"3,301.26","3,364.00","3,367.61","3,301.26",38.74,3363.472,3342.998,3310.791,22.901,21.198,3.406,55.47098897,76.45706694,13.49883305,51.468,96.926,100,-1.726,-1.136,-0.036,50,65.278,-24.52031237,27.9605,3338.84275
20230424,"3,275.41","3,300.81","3,303.09","3,264.93",35.43,3341.432,3339.003,3311.279,16.415,20.241,-7.653,39.64244942,64.18552776,-9.443707266,48.594,92.015,92.015,-2.191,-1.819,-0.869,41.667,61.111,-138.4299208,28.578,3327.681833
20230425,"3,264.87","3,276.40","3,288.57","3,229.45",38.09,3315.74,3334.133,3311.9525,10.305,18.254,-15.898,33.51003346,53.960363,-7.390625614,47.467,78.755,78.755,-1.917,-1.981,-1.2,33.333,54.167,-169.4005718,29.7365,3312.998125
20230426,"3,264.10","3,255.22","3,277.98","3,239.99",35.79,3294.534,3327.825,3312.8885,5.339,15.671,-20.663,29.26780542,45.72951047,-3.655604692,47.383,79.217,79.065,-1.301,-1.878,-1.221,33.333,47.222,-148.1980942,30.518,3303.682958
20230427,"3,285.88","3,256.23","3,299.30","3,253.11",34.16,3278.304,3324.577,3315.1795,3.125,13.162,-20.073,30.79425991,40.75109362,10.8805925,49.99,66.153,60.238,-0.219,-1.155,-0.561,41.667,43.056,-89.56737252,31.5785,3301.040917
20230428,"3,323.27","3,283.12","3,324.88","3,283.12",40.16,3282.706,3323.089,3318.2805,4.338,11.397,-14.118,39.28750405,40.26323043,37.33605129,54.066,43.726,32.093,1.14,-0.02,0.497,41.667,40.278,-22.40043322,31.5285,3304.778042
20230504,"3,350.46","3,306.48","3,352.75","3,302.03",48.34,3297.716,3319.574,3322.1605,7.408,10.599,-6.383,50.56280505,43.69642197,64.29557121,56.742,27.417,1.857,1.714,0.716,1.193,50,40.278,24.91222502,33.1455,3315.663458
20230505,"3,334.50","3,350.65","3,364.14","3,321.19",43.65,3311.642,3313.691,3324.0655,8.455,10.17,-3.431,58.38206169,48.59163521,77.96291465,54.787,36.53,22.006,0.928,0.246,0.599,41.667,40.278,31.6518398,33.9495,3322.577417
20230508,"3,395.00","3,340.99","3,400.18","3,340.99",53.41,3337.822,3316.178,3328.1875,14.005,10.937,6.136,71.24336435,56.14221159,101.4456699,60.209,3.034,3.234,2.089,2.041,2.225,41.667,41.667,92.64729051,36.155,3335.203125
20230509,"3,357.67","3,402.39","3,418.95","3,356.12",57.3,3352.18,3315.242,3330.4395,15.216,11.793,6.847,70.04966594,60.77802971,88.59293841,55.893,32.338,36.951,0.495,1.009,0.978,33.333,41.667,78.44172814,38.3725,3339.522792
20230510,"3,319.15","3,347.70","3,349.72","3,305.25",45.17,3351.356,3317.031,3330.0145,12.919,12.018,1.802,62.47814141,61.34473361,64.74495702,51.889,52.665,73.474,-0.822,-0.022,-0.238,33.333,40.278,-6.710086646,39.954,3338.461542
20230511,"3,309.55","3,323.66","3,333.25","3,307.29",35.43,3343.174,3320.445,3329.724,10.206,11.656,-2.899,54.60843461,59.09930061,45.62670261,50.939,57.731,93.568,-1.042,-0.167,-0.543,33.333,38.889,-13.36452448,40.112,3329.498917
20230512,"3,272.36","3,304.46","3,319.13","3,271.43",34.73,3330.746,3321.194,3327.6635,4.998,10.324,-10.653,40.27481426,52.82447183,15.17549913,47.432,81.912,99.37,-1.771,-1.217,-1.611,33.333,36.111,-61.70510921,41.537,3318.018375
20230515,"3,310.74","3,269.88","3,310.74","3,235.87",38.8,3313.894,3325.858,3326.8415,3.922,9.044,-10.244,40.48143979,48.71012781,24.02406374,51.061,59.105,59.105,-0.501,-0.147,-0.455,41.667,36.111,-55.99772627,44.4235,3316.858083
20230516,"3,290.99","3,310.16","3,317.90","3,282.49",32.25,3300.558,3326.369,3325.473,1.458,7.527,-12.137,37.0233122,44.81452261,21.44089138,49.236,69.893,69.893,-0.577,-0.808,-1.003,41.667,36.111,-27.28720836,44.933,3311.179708
20230517,"3,284.23","3,281.97","3,298.52","3,269.89",28.57,3293.574,3322.465,3322.777,-1.027,5.816,-13.687,33.48710217,41.0387158,18.38387492,48.615,73.585,57.523,-0.413,-1.062,-1.168,41.667,37.5,-56.16783159,45.201,3308.85425
20230518,"3,297.32","3,288.41","3,313.86","3,284.17",31,3291.128,3317.151,3318.3625,-1.919,4.269,-12.376,33.51292209,38.5301179,23.47853049,49.891,66.435,36.897,0.095,-0.696,-0.754,41.667,38.889,-33.51832389,44.2245,3305.961042
20230519,"3,283.54","3,288.89","3,302.34","3,268.22",28.54,3293.364,3312.055,3312.873,-3.695,2.676,-12.742,31.02121396,36.02714992,21.00934204,48.566,73.962,42.746,-0.192,-1.012,-1.114,33.333,38.889,-73.99898713,44.911,3302.056375
20230522,"3,296.47","3,278.60","3,308.53","3,276.54",27.39,3290.51,3302.202,3309.19,-4.013,1.338,-10.702,38.42345313,36.82591766,41.61852409,49.87,66.9,26.125,0.079,-0.488,-0.698,33.333,38.889,-55.55915858,44.9945,3302.035417
20230523,"3,246.24","3,294.79","3,298.23","3,246.24",27.53,3281.56,3291.059,3303.1505,-8.223,-0.574,-15.298,29.16530339,34.27237957,18.95115104,45.224,90.892,100,-1.124,-1.786,-2.098,33.333,37.5,-112.6167615,46.2265,3291.742625
20230524,"3,204.75","3,237.70","3,237.70","3,204.38",28.87,3265.664,3279.619,3298.325,-14.738,-3.407,-22.662,19.55101562,29.36525825,-0.077469637,41.862,99.713,99.662,-1.958,-2.574,-3.129,25,34.722,-186.120433,45.002,3276.413542
20230525,"3,201.26","3,197.36","3,207.02","3,168.57",28.36,3246.452,3268.79,3294.6175,-19.952,-6.716,-26.473,20.3310483,26.35385493,8.28543502,41.591,78.288,77.5,-1.649,-2.293,-3,25,31.944,-198.4469374,45.0165,3260.836875
20230526,"3,212.50","3,198.88","3,220.77","3,179.82",26.17,3232.244,3262.804,3291.999,-22.914,-9.956,-25.917,23.36005465,25.35592151,19.36832095,42.836,70.582,68.612,-0.873,-1.683,-2.465,33.333,30.556,-144.3448176,44.108,3251.614542
20230529,"3,221.45","3,219.76","3,230.97","3,208.96",29.74,3217.24,3253.875,3289.8665,-24.259,-12.816,-22.886,27.70542749,26.13909017,30.83810214,43.831,64.588,62.218,-0.278,-1.187,-2.013,41.667,31.944,-91.08786583,43.309,3248.050583
20230530,"3,224.21","3,214.67","3,230.63","3,186.63",30.35,3212.834,3247.197,3286.783,-24.816,-15.216,-19.2,31.23555904,27.83791313,38.03085088,44.144,61.704,57.088,0.18,-0.981,-1.833,50,34.722,-85.23172297,43.1995,3245.17825
20230531,"3,204.56","3,214.66","3,216.36","3,190.27",29.46,3212.796,3239.23,3280.8475,-26.538,-17.48,-18.114,29.39520265,28.35700963,31.47158868,42.39,75.229,47.939,-0.215,-1.316,-2.344,41.667,36.111,-85.83362955,42.8085,3239.083958
20230601,"3,204.63","3,196.15","3,225.09","3,189.52",31.23,3213.47,3229.961,3273.556,-27.578,-19.5,-16.156,28.18496981,28.29966303,27.95558339,42.399,74.235,42.212,-0.212,-1.095,-2.267,50,40.278,-69.5196267,42.051,3234.05525
20230602,"3,230.07","3,212.45","3,233.99","3,211.74",29.47,3216.984,3224.614,3268.3345,-26.05,-20.81,-10.48,34.6005614,30.39996248,43.00175922,45.453,56.059,7.236,0.43,-0.17,-1.448,58.333,45.833,-31.68794141,41.3715,3233.310292
20230605,"3,232.44","3,231.81","3,244.18","3,221.63",27.81,3219.182,3218.211,3260.2065,-24.366,-21.521,-5.69,51.22469204,37.341539,78.9909981,45.733,50.74,20.4,0.4,0.07,-1.309,58.333,50,-11.62961504,39.215,3233.080792
20230606,"3,195.34","3,228.41","3,247.35","3,189.27",30.83,3213.408,3213.121,3252.09,-25.729,-22.363,-6.733,45.47669661,40.0532582,56.32357343,42.198,66.019,85.655,-0.618,-0.853,-2.282,58.333,52.778,-50.90036529,38.9775,3227.352083
20230607,"3,197.76","3,197.47","3,210.33","3,188.01",25.81,3212.048,3212.422,3246.0205,-26.311,-23.152,-6.317,39.1731213,39.75987924,37.99960543,42.5,62.947,83.569,-0.406,-0.524,-2.018,58.333,54.167,-75.25746955,37.4725,3219.983667
20230608,"3,213.59","3,194.83","3,225.53","3,180.54",29.35,3213.84,3213.655,3241.2225,-25.204,-23.563,-3.282,42.60496167,40.70824005,46.39840492,44.484,49.993,50.531,0.04,0.053,-1.381,66.667,58.333,-49.14006877,38.424,3216.909375
20230609,"3,231.41","3,213.03","3,231.41","3,206.10",31.42,3214.108,3215.546,3239.175,-22.628,-23.376,1.496,53.78373985,45.06673998,71.21773959,46.646,23.859,23.859,0.455,0.539,-0.626,75,62.5,39.77076626,37.3045,3221.074583
20230612,"3,228.83","3,225.30","3,239.44","3,210.71",31.38,3213.386,3216.284,3235.0795,-20.558,-22.812,4.509,59.94902619,50.02750205,79.79207446,46.373,27.72,27.72,0.381,0.386,-0.541,75,65.278,93.50580694,34.9975,3223.162583
20230613,"3,233.67","3,223.90","3,235.09","3,215.50",28.06,3221.052,3217.23,3232.2135,-18.315,-21.913,7.195,66.47402524,55.50967645,88.40272283,46.98,20.476,20.476,0.525,0.482,-0.282,75,68.056,91.08556138,34.2065,3224.611708
20230614,"3,228.99","3,238.12","3,248.46","3,226.77",30.35,3227.298,3219.673,3229.4515,-16.723,-20.875,8.304,68.09399092,59.70444794,84.87307687,46.449,28.666,28.666,0.205,0.317,-0.324,66.667,69.444,114.5616033,33.8595,3225.278708
20230615,"3,252.98","3,230.45","3,252.98","3,229.15",31.33,3235.176,3224.508,3227.2345,-13.371,-19.374,12.006,78.72932728,66.04607438,104.0958331,49.5,0,0,0.662,0.987,0.442,66.667,70.833,151.3140268,33.5745,3229.637167
20230616,"3,273.33","3,256.30","3,276.55","3,255.50",32.63,3243.56,3228.834,3226.724,-8.969,-17.293,16.648,84.70161241,72.26458706,109.5756631,51.924,3.354,4.571,0.981,1.438,1.119,75,72.222,213.9745448,33.047,3236.736417
20230619,"3,255.81","3,271.16","3,271.16","3,251.78",32.78,3248.956,3231.171,3224.691,-6.816,-15.198,16.763,82.60043612,75.70987008,96.3815682,49.777,21.602,31.501,0.315,0.762,0.623,66.667,70.833,140.3705828,32.525,3240.546083
20230620,"3,240.36","3,252.54","3,252.84","3,237.79",29.83,3250.294,3235.673,3224.397,-6.284,-13.415,14.262,75.83562734,75.75178917,76.00330369,47.953,37.694,59.279,-0.221,0.257,0.202,58.333,68.056,61.87818236,30.8265,3240.115708
20230621,"3,197.90","3,230.11","3,236.36","3,197.90",29.44,3244.076,3235.687,3224.0545,-9.182,-12.568,6.772,50.5570849,67.35355441,16.96414587,43.393,81.919,100,-1.347,-0.968,-0.984,50,63.889,-82.05623391,30.8565,3231.53425
20230626,"3,150.62","3,177.23","3,181.08","3,144.25",30.81,3223.604,3229.39,3221.5225,-15.12,-13.079,-4.083,35.30966154,56.67225679,-7.415528965,39.076,95.185,95.185,-2.412,-2.32,-2.28,50,61.111,-219.7684724,31.6165,3217.938333
20230627,"3,189.44","3,153.31","3,194.41","3,148.27",28.76,3206.826,3225.193,3220.3695,-16.503,-13.764,-5.479,34.92551384,49.42334247,5.929856574,43.861,65.843,65.843,-0.885,-1.095,-0.939,50,58.333,-124.9417797,31.876,3210.585917
20230628,"3,189.38","3,183.49","3,192.66","3,157.12",27.62,3193.54,3221.248,3218.766,-17.404,-14.492,-5.824,34.65429822,44.50032772,14.96223921,43.856,65.888,64.439,-0.454,-1.035,-0.868,41.667,52.778,-100.8551125,32.5525,3205.47275
20230629,"3,182.38","3,185.42","3,196.50","3,179.53",25.03,3181.944,3216.119,3216.6745,-18.469,-15.287,-6.364,32.70981937,40.57015827,16.98914157,43.19,71.179,64.886,-0.291,-1.127,-1.057,33.333,47.222,-78.74752862,31.201,3203.5155
20230630,"3,202.06","3,178.92","3,212.99","3,177.99",26.54,3182.776,3213.426,3216.5495,-17.523,-15.734,-3.578,36.37192795,39.17074816,30.77428754,45.613,56.304,37.238,0.526,-0.446,-0.446,41.667,44.444,-47.1057632,31.254,3202.382375
20230703,"3,243.98","3,209.16","3,246.86","3,209.16",31.24,3201.448,3212.526,3218.517,-13.239,-15.235,3.993,50.44236796,42.92795476,65.47119435,50.322,24.618,2.807,1.597,0.83,0.816,41.667,43.056,36.80879933,31.7155,3209.559042
20230704,"3,245.35","3,241.23","3,246.96","3,233.99",27.92,3212.63,3209.728,3219.281,-9.622,-14.113,8.982,64.66241052,50.17277335,93.64168485,50.468,20.337,1.631,1.14,0.83,0.828,50,43.056,53.11310721,30.896,3219.285458
20230705,"3,222.95","3,240.05","3,241.84","3,218.60",26.4,3219.344,3206.442,3218.8065,-8.465,-12.983,9.036,68.64944137,56.33166269,93.28499872,48.055,27.526,26.725,0.268,0.212,0.133,41.667,41.667,20.35858011,31.106,3221.678292
20230706,"3,205.57","3,215.86","3,229.48","3,199.72",24.61,3223.982,3202.963,3219.318,-8.849,-12.156,6.615,65.66698551,59.44343696,78.11408261,46.263,40.298,60.012,-0.357,-0.153,-0.408,33.333,40.278,-13.32708147,29.69,3217.86825
20230707,"3,196.61","3,197.47","3,212.05","3,189.21",25.57,3222.892,3202.834,3219.2605,-9.764,-11.678,3.828,60.10521025,59.66402806,60.98757465,45.353,49.022,73.003,-0.709,-0.279,-0.676,33.333,40.278,-35.97726668,29.716,3213.151792
20230710,"3,203.70","3,208.73","3,216.53","3,192.66",23.66,3214.836,3208.142,3218.766,-9.803,-11.303,2.999,57.3527166,58.89359091,54.27096799,46.226,43.834,74.909,-0.497,0.038,-0.422,41.667,40.278,-14.69516439,28.66,3210.728583
20230711,"3,221.37","3,211.12","3,221.68","3,200.38",22.76,3210.04,3211.335,3218.264,-8.313,-10.705,4.784,59.20078163,58.99598782,59.61036927,48.371,28.484,44.312,0.169,0.528,0.142,50,41.667,27.53010139,28.4595,3211.466625
20230712,"3,196.13","3,220.38","3,224.33","3,193.44",27.14,3204.676,3212.01,3216.629,-9.064,-10.377,2.625,48.23428456,55.4087534,33.88534689,45.657,73.699,86.852,-0.361,-0.378,-0.644,50,41.667,4.677957343,28.5675,3209.915167
20230713,"3,236.48","3,202.70","3,238.47","3,202.70",27.66,3210.858,3217.42,3216.7695,-6.331,-9.568,6.474,59.44046099,56.75265593,64.81607112,50.309,15.195,4.04,0.826,0.757,0.56,50,43.056,77.76796537,29.705,3214.225708
20230714,"3,237.70","3,240.97","3,248.39","3,234.00",27.33,3219.076,3220.984,3217.205,-4.02,-8.458,8.877,66.939129,60.14814695,80.5210931,50.442,18.064,18.064,0.696,0.669,0.567,58.333,47.222,112.72215,29.34,3218.040833
20230717,"3,209.63","3,219.02","3,219.02","3,195.89",25.02,3220.262,3217.549,3215.0375,-4.402,-7.647,6.489,56.12771944,58.80800445,50.76714941,47.379,65.495,69.55,-0.245,-0.274,-0.277,58.333,51.389,-18.61589975,30.231,3219.734167
20230718,"3,197.82","3,206.79","3,210.25","3,190.00",23.5,3215.552,3212.796,3211.262,-5.594,-7.236,3.284,42.26809098,53.29469996,20.21487302,46.148,85.451,86.607,-0.581,-0.63,-0.604,50,52.778,-67.83406325,30.065,3215.235292
20230719,"3,198.84","3,195.01","3,204.36","3,181.56",21.74,3216.094,3210.385,3208.4135,-6.383,-7.066,1.366,36.79761105,47.79567032,14.80149252,46.274,74.143,74.143,-0.433,-0.482,-0.528,50,52.778,-94.94122565,30.1275,3209.405667
20230720,"3,169.52","3,201.91","3,209.06","3,165.67",23.89,3202.702,3206.78,3204.8715,-9.267,-7.506,-3.522,26.08315914,40.5581666,-2.866855765,43.245,95.346,95.346,-1.21,-1.2,-1.363,41.667,51.389,-144.3258735,31.396,3202.489125
20230721,"3,167.75","3,163.42","3,185.64","3,157.33",22.53,3188.712,3203.894,3203.364,-11.562,-8.317,-6.49,21.20310763,34.10648028,-4.603637653,43.067,88.557,88.557,-0.911,-1.114,-1.309,41.667,50,-165.9398121,30.6885,3195.592667
20230724,"3,164.16","3,157.47","3,178.73","3,151.13",21.66,3179.618,3199.94,3204.041,-13.515,-9.357,-8.316,18.60109842,28.93801966,-2.072744056,42.696,86.603,80.807,-0.642,-1.119,-1.281,41.667,47.222,-163.8191208,29.386,3188.945042
20230725,"3,231.52","3,201.46","3,231.75","3,201.46",34.86,3186.358,3200.955,3206.145,-9.517,-9.389,-0.257,39.95231224,32.60945052,54.63803568,50.968,17.345,0.285,1.357,0.894,0.852,50,45.833,81.09771225,30.4585,3196.277083
20230726,"3,223.03","3,228.09","3,229.89","3,212.88",31.72,3191.196,3203.645,3207.8275,-6.954,-8.902,3.895,51.27672828,38.83187644,76.16643195,50.018,26.074,10.816,0.957,0.578,0.61,41.667,44.444,76.29226534,29.6135,3202.7575
20230727,"3,216.67","3,225.48","3,245.60","3,210.47",32.71,3200.626,3201.664,3209.542,-5.374,-8.196,5.644,57.30999273,44.99124854,81.94748113,49.3,32.614,30.623,0.664,0.392,0.387,33.333,41.667,74.21203035,30.5215,3208.206958
20230728,"3,275.93","3,206.74","3,280.28","3,200.99",41.11,3222.262,3205.487,3213.2355,0.652,-6.426,14.158,70.41726964,53.4665889,104.3186311,55.51,3.368,3.368,1.953,2.03,2.07,41.667,41.667,146.6557611,32.736,3218.927417
20230731,"3,291.04","3,287.21","3,322.13","3,281.01",45.9,3247.638,3213.628,3215.5885,6.572,-3.827,20.797,74.21775091,60.38364291,101.8859669,56.914,18.181,18.181,1.772,2.356,2.406,41.667,41.667,215.3696876,32.806,3231.456917
20230801,"3,290.95","3,288.76","3,305.34","3,279.57",45.99,3259.524,3222.941,3217.8685,11.128,-0.836,23.927,76.73386123,65.83371568,98.53415233,56.902,18.234,25.739,1.109,2.212,2.268,33.333,40.278,159.3678051,33.446,3244.609208
20230802,"3,261.69","3,281.86","3,290.82","3,252.30",40.53,3267.256,3229.226,3219.8055,12.236,1.778,20.915,72.70756441,68.12499859,81.87269604,53.353,35.345,49.893,0.055,1.167,1.255,33.333,37.5,89.47711405,34.041,3246.248458
20230803,"3,280.46","3,254.57","3,280.86","3,247.27",38.47,3280.014,3240.32,3223.55,14.462,4.315,20.294,73.68223592,69.97741103,81.0918857,55.223,24.368,34.398,0.337,1.532,1.734,41.667,37.5,81.13873813,34.2325,3250.4175
20230804,"3,288.08","3,296.09","3,315.05","3,281.73",47.09,3282.444,3252.353,3228.1235,16.65,6.782,19.735,73.0854992,71.01344042,77.22961675,55.97,19.912,28.108,0.205,1.534,1.913,41.667,38.889,103.968075,34.82,3256.156292
20230807,"3,268.83","3,276.78","3,276.78","3,258.54",36.03,3278.002,3262.82,3231.38,16.638,8.753,15.769,67.39077306,69.80588464,62.56054991,53.611,43.999,71.2,-0.346,0.682,1.285,41.667,38.889,50.86482771,35.1035,3259.338542
20230808,"3,260.62","3,260.72","3,274.52","3,246.67",31.65,3271.936,3265.73,3233.3425,15.784,10.159,11.249,61.33519481,66.98232136,50.04094171,52.624,50.776,79.599,-0.442,0.191,0.982,41.667,38.889,32.4207959,35.431,3258.843125
20230809,"3,244.49","3,251.15","3,257.08","3,240.29",27.12,3268.496,3267.876,3235.7605,13.649,10.857,5.583,52.8597518,62.27479817,34.02965905,50.709,64.091,94.382,-0.7,-0.51,0.432,41.667,40.278,1.189470467,34.903,3255.552833
20230810,"3,254.56","3,242.21","3,257.03","3,234.12",28.74,3263.316,3271.665,3236.6645,12.623,11.21,2.826,42.98137905,55.84365847,17.25682023,51.85,55.778,74.744,-0.356,-0.26,0.668,41.667,41.667,-9.368223045,33.9315,3254.772583
20230811,"3,189.25","3,254.48","3,254.48","3,189.25",33.01,3243.55,3262.997,3234.242,6.466,10.262,-7.591,28.6542527,46.78052321,-7.598288316,44.827,100,100,-1.899,-2.177,-1.334,41.667,41.667,-128.3383338,36.4775,3243.715292
20230814,"3,178.43","3,159.71","3,180.51","3,141.66",29.98,3225.47,3251.736,3232.682,0.706,8.35,-15.29,26.17167801,39.91090815,-1.306782251,43.802,78.793,72.787,-1.679,-2.413,-1.614,41.667,41.667,-208.0549035,36.7665,3232.454875
20230815,"3,176.18","3,180.56","3,186.23","3,147.35",27.33,3208.582,3240.259,3231.6,-3.995,5.881,-19.753,24.08407732,34.63529787,2.981636228,43.585,80.091,74.018,-1.277,-2.233,-1.658,33.333,40.278,-165.1433788,37.698,3219.714167
20230816,"3,150.13","3,164.70","3,176.63","3,149.72",28.17,3189.71,3229.103,3229.1645,-9.711,2.763,-24.948,17.68436537,28.98498704,-4.916877966,41.13,95.115,92.662,-1.523,-2.683,-2.356,25,37.5,-147.8662109,37.9035,3208.305917
20230817,"3,163.74","3,137.35","3,167.45","3,123.25",29.47,3171.546,3217.431,3228.8755,-12.993,-0.388,-25.209,20.58047554,26.18348321,9.374460217,42.884,78.889,69.734,-0.679,-1.941,-1.84,33.333,36.111,-122.4816438,37.944,3200.994708
20230818,"3,131.95","3,165.10","3,179.12","3,131.95",29.44,3160.086,3201.818,3227.0855,-17.952,-3.901,-28.101,15.6374189,22.66812844,1.575999824,39.981,94.333,93.37,-1.043,-2.6,-2.729,33.333,34.722,-104.6608183,38.887,3189.049708
20230821,"3,092.98","3,125.99","3,134.96","3,092.98",26.58,3142.996,3184.233,3223.5265,-24.741,-8.069,-33.344,10.42494593,18.5870676,-5.899297406,36.795,100,100,-1.776,-3.342,-3.809,25,31.944,-131.8388782,39.606,3175.480375
20230822,"3,120.33","3,103.78","3,126.78","3,074.53",30.93,3131.826,3170.204,3217.967,-27.597,-11.974,-31.244,15.31526076,17.49646532,10.95285163,40.28,74.911,58.997,-0.602,-2.06,-2.859,25,29.167,-110.2316239,38.839,3164.557375
20230823,"3,078.40","3,116.27","3,116.38","3,077.61",27.22,3117.48,3153.595,3210.7355,-32.864,-16.152,-33.424,10.92703964,15.30665676,2.167805388,37.015,97.879,96.3,-1.426,-2.892,-4.051,25,27.778,-112.3485672,40.043,3150.245542
20230824,"3,082.24","3,085.91","3,106.18","3,072.95",30,3101.18,3136.363,3204.014,-36.311,-20.184,-32.253,10.01833245,13.54388199,2.967233371,37.499,94.882,91.25,-0.944,-2.313,-3.825,33.333,29.167,-108.2389561,39.948,3141.125167
20230825,"3,064.07","3,068.61","3,085.05","3,053.04",29.33,3087.604,3123.845,3193.421,-40.046,-24.156,-31.779,9.439355803,12.17570659,3.96665422,36.128,91.719,91.252,-0.999,-2.424,-4.267,33.333,29.167,-120.9789614,37.584,3125.876917
20230828,"3,098.64","3,219.04","3,219.04","3,089.12",48.56,3088.736,3115.866,3183.801,-39.759,-27.277,-24.964,15.44953037,13.26698119,19.81462875,40.451,72.53,72.53,0.298,-0.913,-3.019,33.333,29.167,-21.63149771,43.0225,3120.522333
20230829,"3,135.89","3,091.94","3,145.76","3,090.44",39.89,3091.848,3111.837,3176.048,-36.109,-29.043,-14.132,26.9362331,17.82339849,45.16190232,44.662,50.09,50.09,1.269,0.421,-1.742,41.667,31.944,-29.52545849,44.5,3123.731167
20230830,"3,137.14","3,144.41","3,153.69","3,126.90",34.75,3103.596,3110.538,3169.8205,-32.739,-29.782,-5.912,34.84503893,23.49727864,57.54055953,44.799,49.337,49.337,1.218,0.572,-1.601,50,36.111,13.19788201,43.907,3128.103667
20230831,"3,119.88","3,134.55","3,139.98","3,113.95",31.34,3111.124,3106.152,3161.7915,-31.102,-30.046,-2.111,36.6517127,27.88208999,54.19095812,43.259,59.735,59.735,0.437,0.169,-1.942,50,40.278,-6.139517728,43.529,3128.421833
20230901,"3,133.25","3,126.02","3,143.85","3,123.19",29.23,3124.96,3106.282,3154.05,-28.398,-29.717,2.637,40.54090084,32.10169361,57.4193153,44.793,51.681,51.681,0.592,0.644,-1.318,58.333,44.444,25.14115847,42.998,3128.040208
20230904,"3,177.06","3,145.94","3,177.06","3,143.38",36.64,3140.644,3114.69,3149.4615,-22.461,-28.266,11.608,51.93088168,38.71142297,78.36979912,49.463,25.289,32.312,1.386,2.015,0.212,58.333,48.611,119.4324218,43.7115,3135.205167
20230905,"3,154.37","3,169.74","3,169.74","3,150.08",29.41,3144.34,3118.094,3144.149,-19.364,-26.485,14.242,54.96797735,44.13027443,76.64338319,47.301,38.958,26.195,0.364,1.225,-0.363,58.333,52.778,97.44187596,43.668,3139.540375
20230906,"3,158.08","3,147.14","3,162.15","3,136.90",26.7,3148.528,3126.062,3139.8285,-16.421,-24.473,16.103,57.73768771,48.66607885,75.88090542,47.691,36.723,30.074,0.364,1.168,-0.085,66.667,56.944,80.68001709,43.914,3142.81025
20230907,"3,122.35","3,152.20","3,152.27","3,120.82",26.93,3149.022,3130.073,3133.218,-16.778,-22.934,12.311,47.01755125,48.11656965,44.81951444,44.388,58.247,86.69,-0.694,0.018,-0.999,58.333,58.333,25.76812644,44.6315,3136.024292
20230908,"3,116.72","3,114.23","3,126.04","3,104.67",22.81,3145.716,3135.338,3129.5915,-17.316,-21.81,8.988,41.45817201,45.89710377,32.58030848,43.888,78.756,83.354,-0.856,-0.264,-0.979,58.333,59.722,-24.76728505,42.4345,3132.646833
20230911,"3,142.78","3,119.61","3,155.10","3,113.82",29.04,3138.86,3139.752,3127.809,-15.461,-20.54,10.158,45.18724568,45.66048441,44.24076822,46.782,39.575,47.355,-0.078,0.408,0.005,58.333,59.722,36.0633187,42.119,3132.584542
20230912,"3,137.06","3,140.34","3,147.51","3,134.32",23.47,3135.398,3139.869,3125.853,-14.288,-19.29,10.004,45.0394135,45.45346077,44.21131895,46.236,55.256,50.223,-0.048,0.031,-0.035,58.333,59.722,37.07353357,40.8345,3133.175333
20230913,"3,123.07","3,137.77","3,143.76","3,106.97",24.97,3128.396,3138.462,3124.5,-14.322,-18.296,7.948,38.4989008,43.13527411,29.22615417,44.898,74.582,67.989,-0.328,-0.48,-0.306,50,58.333,-33.58480303,41.3285,3132.571042
20230914,"3,126.55","3,124.85","3,135.02","3,111.86",26.4,3129.236,3139.129,3122.6405,-13.908,-17.419,7.021,35.74099027,40.67051283,25.88194515,45.309,69.775,56.613,-0.049,-0.345,-0.112,50,55.556,-72.72191934,40.2765,3129.245333
20230915,"3,117.74","3,133.59","3,141.96","3,107.45",29.2,3129.44,3137.578,3121.93,-14.128,-16.761,5.265,30.52268057,37.28790208,16.99223755,44.434,81.945,74.083,-0.306,-0.574,-0.313,41.667,52.778,-74.26041078,39.6435,3126.861458
20230918,"3,125.93","3,110.44","3,128.70","3,098.50",25.94,3126.07,3132.465,3123.5775,-13.486,-16.106,5.24,34.71347073,36.4297583,31.28089561,45.456,61.496,51.537,-0.093,-0.329,0.016,50,51.389,-95.42747315,39.0545,3128.021458
20230919,"3,124.96","3,123.99","3,131.13","3,113.53",25.37,3123.65,3129.524,3123.809,-12.906,-15.466,5.119,38.72535269,37.19495643,41.78614522,45.353,58.429,46.011,-0.03,-0.338,0.018,41.667,48.611,-57.45690699,37.322,3127.031625
20230920,"3,108.57","3,118.67","3,122.13","3,108.16",22.81,3120.75,3124.573,3125.3175,-13.613,-15.095,2.965,31.74740827,35.37910704,24.48401073,43.609,82.208,77.751,-0.403,-0.68,-0.433,33.333,44.444,-103.4530147,36.026,3124.030625
20230921,"3,084.70","3,103.18","3,113.49","3,084.70",22.87,3112.38,3120.808,3125.4405,-15.915,-15.259,-1.312,21.16493885,30.64105098,2.212714589,41.202,100,100,-0.964,-1.259,-1.135,33.333,41.667,-159.1311553,35.804,3117.575333
20230922,"3,132.43","3,084.76","3,132.56","3,078.80",28.6,3115.318,3122.379,3128.8585,-13.73,-14.953,2.446,40.12752097,33.80320764,52.77614761,47.275,29.712,15.089,0.536,0.337,0.342,33.333,38.889,-62.93981513,36.8915,3118.762958
20230925,"3,115.61","3,131.21","3,131.21","3,112.15",25.81,3113.254,3119.662,3129.707,-13.204,-14.604,2.799,45.64022744,37.74888091,61.42292051,45.545,46.427,31.529,0.008,-0.184,-0.191,33.333,37.5,-27.07793655,30.157,3119.332583
20230926,"3,102.27","3,114.02","3,120.29","3,102.27",22.26,3108.716,3116.183,3128.026,-13.705,-14.424,1.438,42.81334985,39.43703722,49.56597512,44.206,63.87,56.343,-0.294,-0.573,-0.65,33.333,34.722,-94.83797518,28.292,3119.089625
20230927,"3,107.32","3,104.04","3,125.45","3,103.84",24.05,3108.466,3114.608,3126.535,-13.539,-14.247,1.416,43.59395373,40.82267606,49.13650908,44.847,54.845,46.949,-0.037,-0.316,-0.521,33.333,33.333,-55.59601564,28.1115,3115.150625
20230928,"3,110.48","3,117.75","3,121.84","3,105.94",23.63,3113.622,3113.001,3126.065,-13.002,-13.998,1.992,48.70549297,43.4502817,59.21591551,45.257,49.842,41.071,0.054,-0.144,-0.482,41.667,34.722,-48.10383175,27.605,3114.131458
20231009,"3,096.92","3,100.00","3,103.36","3,072.64",26.44,3106.52,3110.919,3124.2485,-13.515,-13.901,0.773,45.97722673,44.29259671,49.34648678,43.798,59.479,59.479,-0.447,-0.51,-0.913,41.667,36.111,-182.6234642,28.2985,3113.195875
20231010,"3,075.24","3,104.36","3,109.98","3,073.19",25.53,3098.446,3105.85,3119.1575,-15.492,-14.22,-2.546,32.09785743,40.22768361,15.83820506,41.564,95.661,95.561,-0.841,-1.07,-1.527,33.333,36.111,-177.6336943,27.9475,3105.797917
20231011,"3,078.96","3,085.70","3,095.66","3,071.94",25.99,3093.784,3101.25,3115.387,-16.568,-14.689,-3.758,25.25868379,35.23801701,5.300017365,42.093,88.42,86.881,-0.525,-0.848,-1.332,41.667,37.5,-151.5702671,27.7845,3099.893625
20231012,"3,107.90","3,101.71","3,109.99","3,092.18",27.48,3093.9,3101.183,3112.878,-14.914,-14.734,-0.359,36.61257463,35.69620288,38.44531814,46.057,40.68,32.798,0.38,0.133,-0.388,41.667,38.889,-22.65374899,28.0735,3100.040333
20231013,"3,088.10","3,092.00","3,094.92","3,080.55",25.51,3089.424,3101.523,3111.1655,-15.027,-14.793,-0.469,33.49673583,34.9630472,30.56411308,43.911,73.342,67.615,-0.156,-0.407,-0.963,41.667,40.278,-94.2240942,27.578,3099.115125
20231016,"3,073.81","3,091.06","3,091.13","3,063.69",26.39,3084.802,3095.661,3109.02,-16.085,-15.051,-2.067,27.79316067,32.57308502,18.23331197,42.422,85.012,78.143,-0.422,-0.775,-1.285,41.667,40.278,-128.3404489,27.8815,3095.8975
20231017,"3,083.50","3,076.43","3,084.07","3,064.89",25.9,3086.454,3092.45,3106.056,-15.957,-15.232,-1.449,29.22069952,31.45562319,24.75085217,43.771,67.924,57.214,-0.035,-0.459,-0.88,50,41.667,-103.9420444,26.7765,3092.539
20231018,"3,058.71","3,076.58","3,076.58","3,057.06",26.86,3082.404,3088.094,3102.1385,-17.652,-15.716,-3.872,20.32949382,27.7469134,5.494654667,41.195,97.587,96.883,-0.75,-1.063,-1.546,41.667,43.056,-143.0170466,27.439,3086.885875
20231019,"3,005.39","3,043.20","3,043.20","3,004.77",30.4,3061.902,3077.901,3096.2545,-23.033,-17.18,-11.707,13.74940974,23.08107885,-4.913928462,36.388,99.47,99.411,-2.091,-2.498,-3.11,41.667,43.056,-248.0115869,28.2965,3074.351542
20231020,"2,983.06","2,995.36","3,006.27","2,977.17",26.71,3040.894,3065.159,3089.08,-28.768,-19.497,-18.541,10.6444642,18.93554063,-5.937688667,34.622,95.565,94.998,-2.155,-2.909,-3.657,41.667,43.056,-239.9894989,28.5935,3056.502708
20231023,"2,939.29","2,969.79","2,973.66","2,923.51",27.89,3013.99,3049.396,3080.1575,-36.424,-22.883,-27.083,9.916987286,15.92935618,-2.107750506,31.497,91.538,90.586,-2.8,-3.896,-4.81,33.333,41.667,-223.3284213,29.8455,3034.619375
20231024,"2,962.24","2,944.31","2,964.76","2,929.09",31.1,2989.738,3038.096,3071.973,-40.177,-26.342,-27.671,13.53431928,15.13101055,10.34093674,34.721,79.231,75.878,-1.435,-2.753,-3.84,33.333,40.278,-151.2729682,30.119,3021.240333
20231025,"2,974.11","2,986.41","2,993.30","2,972.42",33.24,2972.818,3027.611,3064.4305,-41.713,-29.416,-24.594,18.8628344,16.37495183,23.83859955,36.338,72.866,66.943,-0.436,-2.034,-3.26,41.667,38.889,-89.20455962,30.792,3011.492417
20231026,"2,988.30","2,960.10","2,990.33","2,956.01",29.18,2969.4,3015.651,3058.417,-41.308,-31.794,-19.028,25.45952473,19.4031428,37.57228859,38.247,62.202,45.868,0.434,-1.331,-2.616,50,40.278,-76.28945443,31.668,3009.328208
20231027,"3,017.78","2,978.40","3,029.21","2,974.88",32.18,2976.344,3008.619,3055.071,-38.169,-33.069,-10.2,36.54410102,25.11679554,59.39871199,42.015,43.76,10.814,1.354,-0.19,-1.521,50,41.667,-32.48465439,32.945,3012.361708
20231030,"3,021.55","3,009.61","3,028.26","3,002.35",36.06,2992.796,3003.393,3049.527,-34.974,-33.45,-3.048,45.7124433,31.98201146,73.17330698,42.483,38.939,7.247,1.263,0.173,-1.258,50,43.056,-13.64891787,31.5525,3014.733833
20231031,"3,018.77","3,019.65","3,023.00","3,006.61",31.99,3004.102,2996.92,3044.685,-32.294,-33.219,1.85,57.00460823,40.32287705,90.36807059,42.221,37.767,10.427,0.722,0.273,-1.206,50,45.833,-9.673312651,31.358,3017.929792
20231101,"3,023.08","3,038.18","3,038.33","3,013.93",28.01,3013.896,2993.357,3040.7255,-29.482,-32.472,5.979,66.90918607,49.18498006,102.3575981,42.792,16.81,18.525,0.526,0.558,-0.95,58.333,50,15.7561966,31.677,3018.859708
20231102,"3,009.41","3,028.66","3,038.64","3,009.12",26.88,3018.118,2993.759,3035.83,-28.034,-31.584,7.1,69.47656037,55.94884016,96.53200078,41.436,25.389,35.375,-0.124,0.309,-1.296,50,51.389,15.48488216,31.994,3016.551458
20231103,"3,030.80","3,012.47","3,040.98","3,012.47",26.85,3020.722,2998.533,3031.846,-24.873,-30.242,10.737,76.61829975,62.83866002,104.1775792,44.318,8.666,15.401,0.35,1.1,-0.456,58.333,52.778,46.4240809,32.7775,3017.747333
20231106,"3,058.41","3,047.13","3,058.99","3,037.69",37.3,3028.094,3010.445,3029.9205,-19.911,-28.176,16.529,84.22446112,69.96726039,112.7388626,47.78,0.446,1.024,1.038,1.871,0.529,66.667,55.556,112.1305315,32.295,3023.007625
20231107,"3,057.27","3,052.92","3,064.58","3,042.47",32.69,3035.794,3019.948,3029.022,-15.888,-25.718,19.661,87.2386463,75.72438903,110.2671609,47.652,6.733,12.61,0.802,1.624,0.554,66.667,58.333,123.615218,31.561,3029.805708
20231108,"3,052.37","3,051.15","3,062.99","3,037.29",33.57,3041.652,3027.774,3027.6925,-12.945,-23.164,20.437,86.95508416,79.46795407,101.9293443,47.088,11.246,22.016,0.455,1.144,0.468,66.667,61.111,100.8592748,31.66,3035.026667
20231109,"3,053.28","3,047.65","3,063.47","3,045.83",31.56,3050.426,3034.272,3024.9615,-10.419,-20.615,20.391,85.25057461,81.39549425,92.96073533,47.209,12.598,20.375,0.318,0.921,0.577,66.667,62.5,95.72478424,30.9905,3037.071417
20231110,"3,038.97","3,043.56","3,044.00","3,027.09",28.55,3052.06,3036.391,3022.505,-9.463,-18.384,17.842,75.44104204,79.41067685,67.50177242,45.5,41.154,49.146,-0.313,0.268,0.185,58.333,63.889,48.71230029,30.9325,3037.515208
20231113,"3,046.53","3,044.03","3,048.62","3,028.17",29.04,3049.684,3038.889,3021.141,-8.003,-16.308,16.61,72.77870166,77.20001845,63.93606809,46.567,31.137,48.146,-0.151,0.357,0.474,58.333,63.889,52.24090997,30.583,3038.556083
20231114,"3,056.07","3,046.82","3,059.53","3,044.43",29.48,3049.444,3042.619,3019.7695,-6.007,-14.248,16.481,76.73767032,77.04590241,76.12120615,47.909,15.344,22.699,0.174,0.566,0.821,58.333,62.5,82.95856315,30.379,3039.145917
20231115,"3,072.83","3,077.03","3,080.13","3,064.35",30.42,3053.536,3047.594,3020.4755,-3.038,-12.006,17.936,80.89536678,78.3290572,86.02798593,50.202,10.28,13.763,0.638,0.975,1.422,58.333,61.111,141.6580427,30.26,3043.86075
20231116,"3,050.93","3,066.86","3,071.45","3,050.93",27.11,3053.066,3051.746,3022.7525,-2.424,-10.09,15.331,68.91264773,75.19025404,56.35743512,47.359,43.157,55.053,-0.071,0.167,0.751,58.333,59.722,72.52433253,28.658,3045.406667
20231117,"3,054.37","3,043.62","3,055.86","3,033.75",26.76,3056.146,3054.103,3026.318,-1.641,-8.4,13.518,63.08605877,71.15552229,46.94713174,47.843,48.567,48.567,0.036,0.195,0.892,58.333,58.333,21.99411823,28.3085,3046.853667
20231120,"3,068.32","3,056.93","3,072.51","3,043.51",28.76,3060.504,3055.094,3032.7695,0.104,-6.699,13.606,67.96863445,70.09322634,63.71945068,49.797,22.266,22.729,0.332,0.49,1.374,66.667,59.722,81.87523281,26.781,3050.540917
20231121,"3,067.93","3,074.83","3,089.77","3,063.34",33.07,3062.876,3056.16,3038.054,1.439,-5.072,13.021,67.03120621,69.07255296,62.94851269,49.742,34.844,38.986,0.202,0.376,1.348,58.333,59.722,139.9731452,26.319,3054.943917
20231122,"3,043.61","3,060.50","3,067.96","3,043.61",28.91,3057.032,3055.284,3041.529,0.528,-3.952,8.96,53.47283562,63.87264718,32.6732125,46.444,73.644,82.399,-0.525,-0.38,0.492,50,58.333,-6.499255952,25.9835,3054.0885
20231123,"3,061.86","3,041.68","3,062.87","3,034.30",27.66,3059.218,3056.142,3045.207,1.265,-2.908,8.346,53.87907656,60.54145698,40.55431573,49.088,44.528,49.821,0.132,0.205,0.985,58.333,58.333,-12.81148358,25.696,3054.108208
20231124,"3,040.97","3,060.33","3,060.33","3,037.20",28.78,3056.538,3056.342,3046.3665,0.161,-2.295,4.911,40.21546911,53.76612769,13.11415195,46.355,79.221,87.112,-0.498,-0.447,0.156,58.333,58.333,-71.67755991,24.2125,3051.498917
20231127,"3,031.70","3,038.19","3,038.36","3,015.01",31.05,3049.214,3054.859,3046.874,-1.445,-2.125,1.359,34.25190361,47.26138633,8.232938166,45.19,77.675,77.675,-0.678,-0.692,-0.245,50,56.944,-179.8995157,24.215,3049.239125
20231128,"3,038.55","3,028.60","3,039.69","3,020.23",26.89,3043.338,3053.107,3047.863,-2.141,-2.128,-0.026,33.33041121,42.61772796,14.75577773,46.232,68.513,68.513,-0.292,-0.467,-0.107,58.333,55.556,-117.1657139,24.3685,3046.294708
20231129,"3,021.69","3,038.46","3,038.98","3,017.66",27.8,3038.954,3047.993,3047.7935,-4.006,-2.504,-3.006,25.19869398,36.8113833,1.973315335,44.079,91.065,87.384,-0.593,-0.952,-0.707,50,54.167,-128.7757271,24.2145,3042.2265
20231130,"3,029.67","3,021.10","3,030.91","3,013.77",28.29,3032.516,3045.867,3048.8065,-4.786,-2.96,-3.651,23.77281353,32.46519337,6.388053837,45.336,79.079,67.617,-0.255,-0.619,-0.461,50,54.167,-122.480771,23.5955,3041.17975
20231201,"3,031.64","3,027.35","3,035.76","3,010.23",28.61,3030.65,3043.594,3048.8485,-5.185,-3.405,-3.559,24.82096713,29.91711796,14.62866547,45.651,73.083,57.265,-0.024,-0.442,-0.41,50,52.778,-100.9585592,23.2935,3038.497125
20231204,"3,022.91","3,033.30","3,038.98","3,022.35",28.82,3028.892,3039.053,3047.0735,-6.134,-3.951,-4.367,23.8687503,27.90099541,15.80426009,44.467,84.058,56.959,-0.213,-0.653,-0.703,50,51.389,-75.9469463,22.7155,3036.818792
20231205,"2,972.30","3,017.01","3,017.01","2,972.30",29.39,3015.642,3029.49,3042.825,-10.846,-5.33,-11.032,15.9125002,23.90483034,-0.072160073,38.438,100,100,-1.562,-2.096,-2.297,41.667,50,-202.3753633,24.1405,3026.791042
20231206,"2,968.93","2,966.95","2,985.31","2,959.60",29.41,3005.09,3022.022,3038.653,-14.683,-7.2,-14.964,13.695795,20.50181856,0.083747879,38.08,90.965,88.246,-1.294,-1.939,-2.354,33.333,45.833,-208.5155528,24.141,3015.55075
20231207,"2,966.21","2,965.65","2,976.01","2,949.14",29.62,2992.398,3012.457,3034.2995,-17.738,-9.308,-16.86,15.41435109,18.80599607,8.631061138,37.783,84.648,81,-1.081,-1.754,-2.357,33.333,43.056,-182.0295081,24.6025,3005.306542
20231208,"2,969.56","2,965.39","2,980.83","2,962.33",36.91,2979.982,3005.316,3030.829,-19.663,-11.379,-16.568,17.79325965,18.46841726,16.44294441,38.4,77.449,77.271,-0.637,-1.442,-2.127,41.667,41.667,-122.5960438,24.218,3000.163292
20231211,"2,991.44","2,956.29","2,995.67","2,930.42",36.02,2973.688,3001.29,3028.0745,-19.201,-12.943,-12.515,30.59835585,22.51173013,46.77160731,42.302,44.157,43.791,0.32,-0.522,-1.317,41.667,40.278,-94.80052408,26.458,2998.208417
20231212,"3,003.44","2,986.33","3,003.75","2,980.45",28.76,2979.916,2997.779,3025.443,-17.663,-13.887,-7.552,42.81968504,29.28104843,69.89695825,44.321,32.738,15.672,0.832,-0.019,-0.854,50,40.278,-31.89610167,26.868,2999.059917
20231213,"2,968.76","2,997.34","2,997.34","2,968.76",28.28,2979.882,2992.486,3020.2395,-19.024,-14.915,-8.218,40.31874851,32.96028179,55.03568195,40.091,64.683,47.716,-0.312,-1,-1.885,50,41.667,-63.74701963,27.399,2996.233625
20231214,"2,958.99","2,979.70","2,986.18","2,958.07",27.15,2978.438,2985.418,3015.6425,-20.652,-16.062,-9.18,35.65158031,33.8573813,39.23997835,38.997,73.683,61.039,-0.585,-1.108,-2.1,41.667,43.056,-79.92128451,27.7095,2990.308542
20231215,"2,942.56","2,966.30","2,976.31","2,940.03",28.93,2973.038,2976.51,3010.052,-23.003,-17.45,-11.106,28.44108511,32.05194924,21.21935686,37.215,88.817,83.445,-1.006,-1.439,-2.504,41.667,44.444,-104.7436786,28.418,2981.203625
20231218,"2,930.80","2,936.58","2,951.15","2,924.33",29.31,2960.91,2967.299,3003.176,-25.521,-19.065,-12.914,21.67624427,28.59338091,7.841970973,35.987,93.019,91.853,-1.187,-1.562,-2.725,33.333,43.056,-135.5888003,28.309,2972.6465
20231219,"2,932.39","2,928.76","2,940.50","2,914.13",26.59,2946.7,2963.308,2996.399,-27.076,-20.667,-12.819,21.24246828,26.1430767,11.44125144,36.284,79.625,79.625,-0.804,-1.234,-2.483,33.333,41.667,-138.7270944,28.306,2964.207458
20231220,"2,902.11","2,932.12","2,937.10","2,902.04",26.56,2933.37,2956.626,2989.324,-30.402,-22.614,-15.576,14.18458656,22.15691332,-1.760066956,33.224,99.931,99.927,-1.264,-1.921,-3.291,33.333,38.889,-163.8793886,28.8415,2952.329125
20231221,"2,918.71","2,892.02","2,924.26","2,882.02",28.25,2925.314,2951.876,2982.1665,-31.336,-24.358,-13.956,19.50321598,21.27234754,15.96495286,36.297,69.86,64.775,-0.417,-1.211,-2.554,41.667,37.5,-146.0889997,29.525,2946.330375
20231222,"2,914.78","2,919.29","2,935.70","2,906.51",29.66,2919.758,2946.398,2975.857,-32.025,-25.892,-12.267,21.97281679,21.50583729,22.90677578,35.889,73.088,65.256,-0.3,-1.193,-2.477,41.667,37.5,-98.1546798,29.7515,2940.315292
20231225,"2,918.81","2,909.88","2,920.63","2,903.99",22.98,2917.36,2939.135,2970.2125,-31.878,-27.089,-9.578,25.28272189,22.76479882,30.31856802,36.651,69.777,46.781,-0.027,-0.924,-2.139,50,38.889,-92.32095932,29.2855,2938.31875
20231226,"2,898.88","2,917.97","2,917.97","2,892.84",22.81,2910.658,2928.679,2963.229,-32.99,-28.269,-9.441,22.25069324,22.5934303,21.56521913,34.533,85.38,71.17,-0.528,-1.403,-2.61,41.667,40.278,-102.0728488,29.611,2932.117875
20231227,"2,914.61","2,900.15","2,917.96","2,890.17",24.79,2913.158,2923.264,2957.875,-32.23,-29.061,-6.337,26.35498897,23.84728319,31.37040055,37.507,68.712,40.832,0.113,-0.652,-1.879,41.667,41.667,-79.38519674,29.9345,2928.42375
20231228,"2,954.70","2,913.11","2,961.65","2,909.39",33.92,2920.356,2922.835,2954.1265,-28.069,-28.863,1.588,47.99403719,31.89620119,80.18970919,44.244,22.919,8.728,1.186,0.854,-0.409,41.667,43.056,8.751085607,31.6905,2931.653292
20231229,"2,974.93","2,950.84","2,975.03","2,950.02",29.07,2932.386,2926.072,2951.291,-22.876,-27.665,9.58,65.29351969,43.02864069,109.8232777,47.239,0.108,0.118,1.552,1.527,0.353,50,44.444,76.22063876,31.6645,2939.752958
